0.00100301 -1.95118e-13 4.15726e-20 2.83672e-17
0.00200602 -1.24593e-13 -9.30672e-19 6.54447e-17
0.00300903 -9.17915e-14 -3.83378e-18 -8.89746e-17
0.00401204 -1.29009e-13 5.84293e-19 1.99799e-17
0.00501505 -2.2482e-13 2.82361e-18 -8.40171e-17
0.00601805 -3.3728e-13 4.89262e-19 3.48766e-17
0.00702106 -4.91013e-13 1.37677e-18 1.57045e-17
0.00802407 -6.82523e-13 2.64256e-18 -3.38297e-17
0.00902708 -9.80114e-13 2.23086e-18 -5.17159e-17
0.0100301 -1.37989e-12 1.6978e-18 -1.27558e-16
0.0110331 -2.00194e-12 -3.47782e-19 7.02052e-18
0.0120361 -2.8136e-12 -6.58705e-19 1.31458e-16
0.0130391 -4.05146e-12 -1.61605e-18 -1.67924e-16
0.0140421 -5.65784e-12 -3.14902e-18 -1.07161e-16
0.0150451 -8.10454e-12 1.12442e-18 4.28426e-17
0.0160481 -1.12804e-11 2.69689e-18 -1.22039e-16
0.0170512 -1.60989e-11 2.78242e-18 3.6429e-17
0.0180542 -2.2326e-11 1.47482e-18 1.81292e-16
0.0190572 -3.17205e-11 6.06922e-18 1.03098e-16
0.0200602 -4.38151e-11 1.36433e-17 8.59994e-17
0.0210632 -6.19748e-11 1.50621e-17 -6.24387e-17
0.0220662 -8.52773e-11 1.68091e-17 -1.24946e-16
0.0230692 -1.20098e-10 1.7496e-17 -1.09753e-16
0.0240722 -1.64623e-10 1.18598e-17 -7.31608e-17
0.0250752 -2.30828e-10 9.38167e-18 1.41811e-16
0.0260782 -3.15182e-10 1.53505e-18 2.544e-16
0.0270812 -4.39996e-10 -9.13507e-19 2.39657e-16
0.0280843 -5.98473e-10 5.78283e-18 5.5089e-18
0.0290873 -8.31812e-10 6.46197e-18 -2.03023e-16
0.0300903 -1.12705e-09 6.1563e-18 -2.66541e-16
0.0310933 -1.5596e-09 2.21923e-19 -1.23371e-16
0.0320963 -2.10497e-09 4.27444e-18 -1.99426e-18
0.0330993 -2.90007e-09 5.12691e-18 8.27349e-17
0.0341023 -3.89903e-09 7.04111e-18 2.03707e-16
0.0351053 -5.34819e-09 5.10305e-18 3.43011e-16
0.0361083 -7.16255e-09 5.21245e-18 1.80305e-16
0.0371113 -9.78151e-09 4.98077e-18 2.04282e-16
0.0381143 -1.3049e-08 1.40599e-18 -9.68424e-18
0.0391174 -1.77419e-08 4.00894e-18 8.61404e-17
0.0401204 -2.35764e-08 5.20475e-18 -4.56711e-17
0.0411234 -3.19145e-08 7.95149e-18 -1.31728e-16
0.0421264 -4.22444e-08 4.66508e-18 -1.75026e-16
0.0431294 -5.69328e-08 6.03339e-18 -3.12106e-16
0.0441324 -7.50664e-08 3.15814e-18 -1.80617e-16
0.0451354 -1.00721e-07 -7.18498e-18 3.21755e-17
0.0461384 -1.32282e-07 -1.16219e-17 1.4011e-17
0.0471414 -1.76709e-07 -9.29214e-18 -6.32011e-17
0.0481444 -2.31172e-07 -2.58859e-18 -3.59985e-16
0.0491474 -3.07446e-07 4.73181e-18 -4.40297e-16
0.0501505 -4.00624e-07 1.50451e-18 1.20574e-16
0.0511535 -5.30455e-07 2.24662e-18 6.23286e-16
0.0521565 -6.88503e-07 8.95087e-18 6.51137e-16
0.0531595 -9.07594e-07 1.7573e-17 8.52452e-18
0.0541625 -1.17337e-06 2.4363e-17 -3.388e-16
0.0551655 -1.5399e-06 2.15134e-17 -4.77348e-16
0.0561685 -1.98297e-06 1.30669e-17 4.32713e-17
0.0571715 -2.59087e-06 7.23645e-18 5.75046e-16
0.0581745 -3.32313e-06 1.08272e-17 6.83342e-16
0.0591775 -4.32261e-06 2.1569e-17 5.76645e-16
0.0601805 -5.52231e-06 3.60067e-17 8.71484e-17
0.0611836 -7.1513e-06 3.82832e-17 -3.76657e-16
0.0621866 -9.09975e-06 2.79332e-17 -6.29741e-16
0.0631896 -1.17316e-05 5.43018e-18 -4.75161e-16
0.0641926 -1.48685e-05 -2.37775e-17 8.35476e-17
0.0651956 -1.90834e-05 -3.75438e-17 7.50198e-16
0.0661986 -2.40894e-05 -3.75278e-17 6.05576e-16
0.0672016 -3.07802e-05 -1.24475e-17 1.57137e-16
0.0682046 -3.86988e-05 1.07414e-17 -3.068e-16
0.0692076 -4.92265e-05 3.78457e-17 -8.39707e-16
0.0702106 -6.16419e-05 3.87934e-17 -5.97453e-16
0.0712136 -7.80599e-05 2.88204e-17 9.54194e-17
0.0722166 -9.73533e-05 1.45439e-17 5.4566e-16
0.0732197 -0.00012273 2.41437e-18 7.18288e-16
0.0742227 -0.000152445 -3.88505e-18 1.97797e-16
0.0752257 -0.000191319 -1.74469e-17 -8.49838e-17
0.0762287 -0.000236677 -2.5146e-17 -6.27054e-16
0.0772317 -0.000295692 -4.08339e-17 -9.348e-16
0.0782347 -0.000364306 -5.21557e-17 -6.15923e-16
0.0792377 -0.000453091 -5.12646e-17 -3.37577e-16
0.0802407 -0.000555948 -4.32848e-17 2.28053e-16
0.0812437 -0.000688312 -1.86069e-17 2.29544e-16
0.0822467 -0.000841102 3.41794e-18 1.09108e-17
0.0832497 -0.00103664 1.59052e-17 -1.33011e-16
0.0842528 -0.00126153 1.47323e-17 2.38479e-16
0.0852558 -0.00154773 2.63552e-18 7.97505e-16
0.0862588 -0.00187573 -2.25445e-18 6.18436e-16
0.0872618 -0.00229078 -6.78289e-18 1.5703e-17
0.0882648 -0.0027647 -6.85112e-18 -5.08998e-16
0.0892678 -0.00336102 -2.31413e-17 -1.1138e-15
0.0902708 -0.00403944 -3.71855e-17 -1.03122e-15
0.0912738 -0.00488817 -5.18188e-17 -7.17546e-16
0.0922768 -0.00585022 -5.04961e-17 1.13028e-16
0.0932798 -0.00704681 -4.02543e-17 5.41884e-16
0.0942828 -0.00839818 -8.68663e-18 8.4988e-16
0.0952859 -0.0100691 2.48527e-17 8.12107e-16
0.0962889 -0.0119493 4.00471e-17 8.74467e-16
0.0972919 -0.0142603 4.50113e-17 3.55749e-16
0.0982949 -0.0168509 3.62261e-17 -1.34946e-16
0.0992979 -0.0200161 1.76351e-17 3.6299e-18
0.100301 -0.0235509 1.0321e-17 7.94415e-17
0.101304 -0.0278436 1.12981e-17 -1.15657e-16
0.102307 -0.0326192 1.7513e-17 -3.22309e-16
0.10331 -0.0383832 2.974e-17 -6.95735e-16
0.104313 -0.0447711 3.10855e-17 -5.50272e-16
0.105316 -0.0524329 1.37082e-17 7.92012e-17
0.106319 -0.0608912 -9.74558e-18 3.36564e-16
0.107322 -0.0709718 -2.53915e-17 4.94521e-16
0.108325 -0.0820568 -3.28786e-17 1.49616e-16
0.109328 -0.0951825 -3.06073e-17 -3.38216e-16
0.110331 -0.109559 -2.56172e-17 -3.42396e-16
0.111334 -0.12647 -1.33742e-17 -2.43372e-16
0.112337 -0.144917 -2.62408e-18 1.91969e-16
0.11334 -0.166471 6.19602e-18 4.83167e-16
0.114343 -0.189887 1.05916e-17 5.59705e-16
0.115346 -0.217058 1.1062e-17 2.70881e-16
0.116349 -0.246453 9.48919e-18 -1.97367e-16
0.117352 -0.28032 1.65492e-17 -1.02152e-15
0.118355 -0.316803 1.61721e-17 -1.23278e-15
0.119358 -0.358532 1.03905e-17 -8.65642e-16
0.120361 -0.403288 7.01759e-18 -8.23733e-17
0.121364 -0.454095 1.21861e-17 8.1889e-16
0.122367 -0.508342 2.47913e-17 7.87248e-16
0.12337 -0.569444 3.94826e-17 8.19321e-16
0.124373 -0.634381 4.74377e-17 4.65813e-16
0.125376 -0.706932 4.31463e-17 3.42117e-16
0.126379 -0.783665 3.00602e-17 5.2601e-17
0.127382 -0.86867 2.07214e-18 -2.68636e-16
0.128385 -0.958122 -2.70865e-17 -1.28704e-16
0.129388 -1.05633 -5.77062e-17 -4.98511e-17
0.130391 -1.15914 -7.12696e-17 4.05609e-16
0.131394 -1.27093 -6.74413e-17 7.25163e-16
0.132397 -1.38731 -3.58782e-17 4.15405e-16
0.1334 -1.51258 1.01231e-17 -6.11108e-18
0.134403 -1.64219 5.18313e-17 -9.06907e-16
0.135406 -1.78017 7.50088e-17 -1.13519e-15
0.136409 -1.922 7.01532e-17 -6.7822e-16
0.137412 -2.07117 3.92314e-17 -2.23889e-16
0.138415 -2.22339 1.79433e-17 4.1952e-16
0.139418 -2.3813 1.22586e-17 -9.20877e-17
0.140421 -2.54115 -1.92796e-17 -8.0414e-16
0.141424 -2.70438 -5.78382e-17 -7.23608e-16
0.142427 -2.86805 -7.7981e-17 -7.969e-16
0.14343 -3.03208 -1.14775e-16 1.84836e-16
0.144433 -3.19471 -1.08952e-16 3.49203e-16
0.145436 -3.35397 -9.75422e-17 9.23695e-19
0.146439 -3.50961 -6.94319e-17 2.96077e-16
0.147442 -3.65746 -3.41638e-17 -1.17472e-16
0.148445 -3.79918 -2.22361e-18 4.63622e-16
0.149448 -3.92809 2.27691e-17 8.71406e-16
0.150451 -4.04809 7.70524e-18 8.30041e-16
0.151454 -4.14982 3.13706e-18 -2.05007e-16
0.152457 -4.23969 -1.58129e-17 7.46035e-16
0.15346 -4.30555 -4.14233e-17 -5.01462e-16
0.154463 -4.35659 -1.24059e-16 -1.17267e-15
0.155466 -4.37785 -1.44225e-16 3.37632e-16
0.156469 -4.38144 -1.51902e-16 -7.07711e-16
0.157472 -4.34974 -1.70302e-16 2.82166e-16
0.158475 -4.29782 -1.89756e-16 1.45886e-15
0.159478 -4.2057 -2.11257e-16 2.4784e-15
0.160481 -4.09124 -2.50055e-16 -2.11856e-16
0.161484 -3.93262 -1.59916e-16 3.52017e-16
0.162487 -3.7502 -2.27388e-16 -1.67103e-15
0.16349 -3.52094 -2.11165e-16 -2.89583e-15
0.164493 -3.26721 -1.26223e-16 -8.75992e-16
0.165496 -2.96558 -1.9853e-16 -3.44326e-15
0.166499 -2.63974 -1.05109e-16 -2.76438e-15
0.167503 -2.26682 -1.29324e-16 3.57567e-16
0.168506 -1.87102 -1.2046e-16 1.33555e-15
0.169509 -1.43102 -1.86566e-16 1.11707e-15
0.170512 -0.970554 -2.30097e-16 -5.54434e-16
0.171515 -0.470941 -2.22268e-16 -2.29005e-15
0.172518 0.0455999 -9.65105e-17 -8.59664e-16
0.173521 0.594104 -2.49888e-16 -2.50706e-15
0.174524 1.15496 -2.33862e-16 4.48202e-15
0.175527 1.7386 -3.72075e-16 -1.02767e-15
0.17653 2.32911 -3.86044e-16 -4.853e-15
0.177533 2.9315 -4.72176e-16 -2.90743e-15
0.178536 3.53458 -5.87806e-16 -3.23056e-15
0.179539 4.1373 -5.50667e-16 1.78425e-15
0.180542 4.73406 -8.43564e-16 4.94201e-15
0.181545 5.31743 -8.36982e-16 2.50538e-16
0.182548 5.88803 -9.71556e-16 2.22582e-15
0.183551 6.43196 -9.24116e-16 -1.32484e-15
0.184554 6.95648 -5.01844e-16 1.2879e-16
0.185557 7.44145 -6.62435e-16 2.1081e-15
0.18656 7.90086 -7.01857e-16 1.557e-15
0.187563 8.30888 -5.52103e-16 -2.59933e-15
0.188566 8.68601 -6.21311e-16 -5.27738e-16
0.189569 9.00157 -8.68003e-16 -1.00445e-15
0.190572 9.28199 -9.89846e-16 2.40279e-16
0.191575 9.49287 -1.21758e-15 1.99079e-15
0.192578 9.66568 -1.46076e-15 3.40472e-15
0.193581 9.7636 -1.45953e-15 3.61509e-15
0.194584 9.822 -1.09361e-15 2.52617e-15
0.195587 9.80309 -1.01721e-15 4.71555e-15
0.19659 9.74479 -7.6017e-16 2.15071e-15
0.197593 9.6098 -7.49251e-16 -1.88519e-15
0.198596 9.4371 -7.77557e-16 -4.45113e-15
0.199599 9.19135 -7.67026e-16 1.39027e-16
0.200602 8.91104 -9.93828e-16 -7.97101e-15
0.201605 8.56414 -9.54869e-16 3.32091e-16
0.202608 8.18713 -9.64233e-16 2.27594e-16
0.203611 7.75245 -1.36727e-15 -2.6874e-15
0.204614 7.29315 -1.49072e-15 -2.99037e-15
0.205617 6.7871 -1.49315e-15 -4.67084e-15
0.20662 6.26268 -1.55723e-15 -6.46701e-16
0.207623 5.70385 -1.09744e-15 -1.14132e-14
0.208626 5.13334 -9.6253e-16 -3.12772e-15
0.209629 4.54153 -1.27638e-15 -1.14649e-15
0.210632 3.94485 -1.37204e-15 -1.94472e-15
0.211635 3.34012 -1.35607e-15 2.05947e-15
0.212638 2.73712 -1.0188e-15 6.46032e-15
0.213641 2.13885 -1.1335e-15 7.56736e-15
0.214644 1.54838 -1.06149e-15 5.05153e-15
0.215647 0.974404 -1.10508e-15 2.20102e-15
0.21665 0.413577 -1.12038e-15 6.27361e-17
0.217653 -0.120521 -1.28829e-15 -1.54792e-15
0.218656 -0.637052 -1.08414e-15 8.62464e-15
0.219659 -1.11846 -1.20408e-15 1.17931e-14
0.220662 -1.57893 -1.06254e-15 1.00351e-14
0.221665 -1.99795 -9.31667e-16 2.98644e-15
0.222668 -2.39379 -8.89871e-16 -1.03679e-14
0.223671 -2.74402 -1.09747e-15 -4.421e-15
0.224674 -3.06991 -1.17611e-15 -4.32454e-15
0.225677 -3.34817 -1.2879e-15 -4.87107e-15
0.22668 -3.60198 -1.36812e-15 -9.55443e-16
0.227683 -3.80813 -1.41634e-15 -1.48887e-15
0.228686 -3.99065 -1.42913e-15 -2.20518e-15
0.229689 -4.12726 -1.15215e-15 4.03578e-16
0.230692 -4.24182 -1.07405e-15 1.67241e-16
0.231695 -4.31371 -1.08982e-15 -1.71727e-15
0.232698 -4.36575 -1.05452e-15 -3.02541e-15
0.233701 -4.3795 -9.83853e-16 -4.37105e-15
0.234704 -4.37602 -9.14729e-16 -9.89479e-15
0.235707 -4.33944 -8.66532e-16 -1.05078e-14
0.23671 -4.28851 -8.85825e-16 -2.06166e-15
0.237713 -4.21013 -9.06011e-16 8.1222e-15
0.238716 -4.12036 -8.93836e-16 1.73283e-14
0.239719 -4.00893 -7.75649e-16 1.83362e-14
0.240722 -3.88904 -5.34564e-16 1.20205e-14
0.241725 -3.75314 -2.67654e-16 1.46422e-15
0.242728 -3.61152 -1.18668e-16 -2.82876e-15
0.243731 -3.45921 -5.85539e-17 -6.53836e-15
0.244734 -3.30365 -8.98141e-17 -2.51577e-15
0.245737 -3.14217 -6.55893e-17 1.87138e-15
0.24674 -2.97962 1.06707e-16 4.15192e-15
0.247743 -2.81528 3.95913e-16 1.56345e-15
0.248746 -2.65167 7.21044e-16 -1.34383e-15
0.249749 -2.48972 9.80287e-16 -2.30891e-15
0.250752 -2.32991 1.07148e-15 -4.13682e-16
0.251755 -2.17449 1.02058e-15 2.17769e-15
0.252758 -2.02229 9.02189e-16 5.21191e-15
0.253761 -1.87652 8.09574e-16 5.95412e-15
0.254764 -1.73469 8.64815e-16 3.42071e-15
0.255767 -1.60069 1.04307e-15 -3.23006e-15
0.25677 -1.47108 1.24718e-15 -9.46867e-15
0.257773 -1.3501 1.40503e-15 -1.32547e-14
0.258776 -1.23372 1.49173e-15 -1.19503e-14
0.259779 -1.12632 1.51354e-15 -5.8812e-15
0.260782 -1.0235 1.53515e-15 3.49166e-15
0.261785 -0.929612 1.58496e-15 1.33277e-14
0.262788 -0.840138 1.6402e-15 1.95641e-14
0.263791 -0.759247 1.6726e-15 2.06533e-14
0.264794 -0.682489 1.64752e-15 1.5254e-14
0.265797 -0.613749 1.54701e-15 5.01667e-15
0.2668 -0.548785 1.37544e-15 -4.58927e-15
0.267803 -0.491134 1.15383e-15 -1.16966e-14
0.268806 -0.436859 9.32852e-16 -1.35912e-14
0.269809 -0.389114 7.27564e-16 -1.10736e-14
0.270812 -0.344331 5.65144e-16 -5.92222e-15
0.271815 -0.305269 4.32154e-16 -3.82125e-16
0.272818 -0.268758 3.40747e-16 2.76871e-15
0.273821 -0.237175 2.82653e-16 3.63649e-15
0.274824 -0.207755 2.88568e-16 2.56837e-15
0.275827 -0.182509 3.70541e-16 -2.14489e-16
0.27683 -0.159071 5.35644e-16 -3.29112e-15
0.277834 -0.139115 7.91449e-16 -6.35948e-15
0.278837 -0.120648 1.10005e-15 -8.01474e-15
0.27984 -0.105046 1.4173e-15 -8.11417e-15
0.280843 -0.0906515 1.67147e-15 -6.40197e-15
0.281846 -0.0785832 1.8097e-15 -3.2205e-15
0.282849 -0.067483 1.79098e-15 6.60772e-16
0.283852 -0.0582458 1.6195e-15 4.7741e-15
0.284855 -0.0497747 1.35854e-15 8.94511e-15
0.285858 -0.0427772 1.06147e-15 1.31376e-14
0.286861 -0.0363786 8.33394e-16 1.64872e-14
0.287864 -0.0311315 7.26819e-16 1.75309e-14
0.288867 -0.0263471 7.38689e-16 1.36829e-14
0.28987 -0.022452 8.33106e-16 5.51407e-15
0.290873 -0.0189102 9.09306e-16 -4.63766e-15
0.291876 -0.0160472 9.10301e-16 -1.42803e-14
0.292879 -0.013451 8.26264e-16 -1.85221e-14
0.293882 -0.0113673 6.95053e-16 -1.74917e-14
0.294885 -0.00948272 6.21891e-16 -1.25857e-14
0.295888 -0.00798078 6.49455e-16 -6.14474e-15
0.296891 -0.00662597 8.20422e-16 -5.02142e-16
0.297894 -0.00555375 1.09898e-15 3.31117e-15
0.298897 -0.00458905 1.37908e-15 5.56387e-15
0.2999 -0.00383086 1.60346e-15 6.30955e-15
0.300903 -0.00315043 1.73397e-15 5.28349e-15
0.301906 -0.00261934 1.78104e-15 2.94101e-15
0.302909 -0.00214391 1.79694e-15 3.02484e-16
0.303912 -0.00177537 1.81038e-15 -2.04679e-15
0.304915 -0.00144626 1.83518e-15 -3.1916e-15
0.305918 -0.00119289 1.85896e-15 -3.06397e-15
0.306921 -0.000967177 1.83227e-15 -1.9032e-15
0.307924 -0.000794587 1.71928e-15 -2.48795e-16
0.308927 -0.000641204 1.52454e-15 1.15536e-15
0.30993 -0.000524716 1.26928e-15 1.79346e-15
0.310933 -0.000421435 1.02444e-15 1.65164e-15
0.311936 -0.000343527 8.25307e-16 3.39603e-16
0.312939 -0.000274612 7.00599e-16 -2.1352e-15
0.313942 -0.000222979 6.38548e-16 -6.32677e-15
0.314945 -0.000177409 6.30051e-16 -1.09229e-14
0.315948 -0.000143496 6.56842e-16 -1.52493e-14
0.316951 -0.000113634 7.09724e-16 -1.66722e-14
0.317954 -9.15595e-05 7.93929e-16 -1.48344e-14
0.318957 -7.2165e-05 8.9533e-16 -8.52376e-15
0.31996 -5.79245e-05 1.01259e-15 3.93938e-16
0.320963 -4.54402e-05 1.12063e-15 8.82947e-15
0.321966 -3.63349e-05 1.18914e-15 1.41916e-14
0.322969 -2.83699e-05 1.17094e-15 1.40483e-14
0.323972 -2.25995e-05 1.04099e-15 9.38448e-15
0.324975 -1.75626e-05 7.82444e-16 2.55664e-15
0.325978 -1.39378e-05 4.32133e-16 -4.51627e-15
0.326981 -1.07805e-05 6.17581e-17 -9.18393e-15
0.327984 -8.52354e-06 -2.74615e-16 -1.20257e-14
0.328987 -6.5617e-06 -4.80779e-16 -1.31192e-14
0.32999 -5.16869e-06 -5.52129e-16 -1.18551e-14
0.330993 -3.96031e-06 -5.15811e-16 -7.69155e-15
0.331996 -3.10802e-06 -3.88512e-16 -9.12723e-16
0.332999 -2.37019e-06 -1.92916e-16 6.41145e-15
0.334002 -1.85326e-06 6.74143e-17 1.27058e-14
0.335005 -1.40665e-06 4.10374e-16 1.47416e-14
0.336008 -1.09583e-06 8.38009e-16 1.22755e-14
0.337011 -8.2783e-07 1.32524e-15 6.41082e-15
0.338014 -6.42558e-07 1.82265e-15 -7.43378e-16
0.339017 -4.83122e-07 2.2232e-15 -6.08401e-15
0.34002 -3.73636e-07 2.48082e-15 -8.76521e-15
0.341023 -2.796e-07 2.52799e-15 -7.44167e-15
0.342026 -2.15456e-07 2.37216e-15 -3.0481e-15
0.343029 -1.60468e-07 2.05336e-15 1.93004e-15
0.344032 -1.2321e-07 1.62604e-15 5.3259e-15
0.345035 -9.13305e-08 1.18811e-15 5.66397e-15
0.346038 -6.9874e-08 7.72559e-16 3.65958e-15
0.347041 -5.15494e-08 4.322e-16 1.6679e-15
0.348044 -3.92983e-08 1.7569e-16 5.41201e-16
0.349047 -2.88546e-08 3.24317e-17 1.43702e-15
0.35005 -2.19192e-08 2.45403e-17 3.11444e-15
0.351053 -1.60176e-08 1.76029e-16 4.93527e-15
0.352056 -1.21247e-08 4.81989e-16 6.2063e-15
0.353059 -8.8181e-09 8.96069e-16 7.11036e-15
0.354062 -6.65153e-09 1.35105e-15 7.45335e-15
0.355065 -4.8145e-09 1.7421e-15 6.68007e-15
0.356068 -3.61891e-09 2.01886e-15 4.61201e-15
0.357071 -2.60693e-09 2.12497e-15 7.36667e-16
0.358074 -1.95273e-09 2.06468e-15 -4.37688e-15
0.359077 -1.39994e-09 1.85501e-15 -9.3564e-15
0.36008 -1.04499e-09 1.51042e-15 -1.27485e-14
0.361083 -7.45574e-10 1.08539e-15 -1.31202e-14
0.362086 -5.54612e-10 6.00987e-16 -1.02356e-14
0.363089 -3.93811e-10 1.1656e-16 -4.88586e-15
0.364092 -2.91957e-10 -3.37241e-16 1.77131e-15
0.365095 -2.06334e-10 -7.10656e-16 7.8434e-15
0.366098 -1.52466e-10 -9.76843e-16 1.14165e-14
0.367101 -1.07251e-10 -1.133e-15 1.2207e-14
0.368104 -7.89948e-11 -1.18156e-15 1.08067e-14
0.369107 -5.53216e-11 -1.15357e-15 9.01789e-15
0.37011 -4.06441e-11 -1.04328e-15 7.3712e-15
0.371113 -2.8396e-11 -8.54978e-16 5.59221e-15
0.372116 -2.09001e-11 -5.89923e-16 3.0959e-15
0.373119 -1.46969e-11 -2.65975e-16 9.40367e-18
0.374122 -1.09965e-11 9.31774e-17 -3.03799e-15
0.375125 -7.99428e-12 4.23018e-16 -4.19944e-15
0.376128 -6.32347e-12 6.90244e-16 -3.18712e-15
0.377131 -5.07753e-12 8.5179e-16 -4.98189e-16
0.378134 -4.60602e-12 9.09187e-16 2.7072e-15
0.379137 -4.50546e-12 8.71267e-16 4.3108e-15
0.38014 -4.99434e-12 7.71008e-16 3.34112e-15
0.381143 -5.96193e-12 6.49036e-16 4.92809e-16
0.382146 -7.57955e-12 5.22661e-16 -3.46166e-15
0.383149 -9.94413e-12 4.252e-16 -5.80504e-15
0.384152 -1.32506e-11 3.66674e-16 -6.53211e-15
0.385155 -1.78312e-11 3.54456e-16 -5.89246e-15
0.386158 -2.39896e-11 3.98843e-16 -4.93967e-15
0.387161 -3.24183e-11 5.07929e-16 -5.3427e-15
0.388164 -4.36416e-11 6.71213e-16 -7.33332e-15
0.389168 -5.90919e-11 8.75185e-16 -9.78786e-15
0.390171 -7.91744e-11 1.09425e-15 -1.16142e-14
0.391174 -1.06713e-10 1.30596e-15 -1.20329e-14
0.392177 -1.4322e-10 1.49607e-15 -1.0078e-14
0.39318 -1.92579e-10 1.66603e-15 -6.84011e-15
0.394183 -2.57557e-10 1.79675e-15 -2.82772e-15
0.395186 -3.45102e-10 1.89443e-15 1.04175e-15
0.396189 -4.60045e-10 1.94292e-15 4.42687e-15
0.397192 -6.1441e-10 1.954e-15 6.63727e-15
0.398195 -8.16499e-10 1.92194e-15 7.4805e-15
0.399198 -1.08694e-09 1.84068e-15 6.78314e-15
0.400201 -1.43995e-09 1.69767e-15 5.58909e-15
0.401204 -1.91076e-09 1.49136e-15 4.80345e-15
0.402207 -2.52352e-09 1.22262e-15 4.99146e-15
0.40321 -3.33794e-09 9.65365e-16 5.74105e-15
0.404213 -4.39477e-09 7.53615e-16 6.4492e-15
0.405216 -5.79444e-09 6.4398e-16 5.87252e-15
0.406219 -7.60529e-09 6.52541e-16 4.12361e-15
0.407222 -9.99514e-09 7.74433e-16 5.07445e-16
0.408225 -1.30777e-08 9.72392e-16 -4.19159e-15
0.409228 -1.71317e-08 1.17935e-15 -8.10929e-15
0.410231 -2.23449e-08 1.36065e-15 -1.06658e-14
0.411234 -2.91767e-08 1.46262e-15 -1.07704e-14
0.412237 -3.79355e-08 1.49321e-15 -8.80378e-15
0.41324 -4.93728e-08 1.47369e-15 -5.46559e-15
0.414243 -6.39918e-08 1.41905e-15 -1.11705e-15
0.415246 -8.30135e-08 1.37818e-15 2.04374e-15
0.416249 -1.07252e-07 1.37015e-15 2.94572e-15
0.417252 -1.38679e-07 1.41449e-15 1.08866e-15
0.418255 -1.78601e-07 1.49327e-15 -3.06662e-15
0.419258 -2.30177e-07 1.589e-15 -6.7208e-15
0.420261 -2.95494e-07 1.68424e-15 -8.80287e-15
0.421264 -3.79572e-07 1.75846e-15 -8.50119e-15
0.422267 -4.85721e-07 1.80569e-15 -5.61068e-15
0.42327 -6.21869e-07 1.84071e-15 -2.42113e-15
0.424273 -7.93217e-07 1.88572e-15 8.93348e-16
0.425276 -1.0122e-06 1.95054e-15 2.61753e-15
0.426279 -1.28692e-06 2.0439e-15 2.45669e-15
0.427282 -1.63675e-06 2.13689e-15 9.11204e-16
0.428285 -2.07424e-06 2.20518e-15 -1.38814e-15
0.429288 -2.62929e-06 2.19255e-15 -3.74352e-15
0.430291 -3.32124e-06 2.06251e-15 -4.70129e-15
0.431294 -4.1959e-06 1.81114e-15 -4.42948e-15
0.432297 -5.28281e-06 1.45808e-15 -2.47437e-15
0.4333 -6.65167e-06 1.0801e-15 3.45183e-16
0.434303 -8.34722e-06 7.27431e-16 3.45934e-15
0.435306 -1.04747e-05 4.65881e-16 5.89965e-15
0.436309 -1.31014e-05 3.10411e-16 7.32098e-15
0.437312 -1.63851e-05 2.57185e-16 6.91951e-15
0.438315 -2.04261e-05 2.87867e-16 5.1847e-15
0.439318 -2.54589e-05 3.58582e-16 3.28047e-15
0.440321 -3.1632e-05 4.41821e-16 1.35813e-15
0.441324 -3.92915e-05 4.91756e-16 1.32655e-15
0.442327 -4.86554e-05 4.91836e-16 2.9959e-15
0.44333 -6.02301e-05 4.28657e-16 4.93362e-15
0.444333 -7.43335e-05 2.95215e-16 6.73841e-15
0.445336 -9.17007e-05 6.50939e-17 8.32796e-15
0.446339 -0.000112791 -2.61798e-16 9.1091e-15
0.447342 -0.000138663 -6.57395e-16 8.63947e-15
0.448345 -0.000169975 -1.09301e-15 7.79346e-15
0.449348 -0.000208239 -1.52078e-15 5.36368e-15
0.450351 -0.00025439 -1.90586e-15 2.17566e-15
0.451354 -0.000310572 -2.20922e-15 -1.09707e-15
0.452357 -0.000378101 -2.4082e-15 -3.97571e-15
0.45336 -0.000459987 -2.49093e-15 -5.55447e-15
0.454363 -0.000558072 -2.4798e-15 -5.35208e-15
0.455366 -0.000676544 -2.42991e-15 -2.69678e-15
0.456369 -0.000817956 -2.36736e-15 1.64104e-15
0.457372 -0.000988089 -2.36431e-15 5.66163e-15
0.458375 -0.00119045 -2.4393e-15 8.99841e-15
0.459378 -0.00143294 -2.63504e-15 1.02645e-14
0.460381 -0.00172033 -2.95799e-15 9.85984e-15
0.461384 -0.00206335 -3.40933e-15 8.02026e-15
0.462387 -0.00246842 -3.96216e-15 5.40884e-15
0.46339 -0.00294993 -4.58043e-15 4.00165e-15
0.464393 -0.00351647 -5.22206e-15 4.01421e-15
0.465396 -0.0041872 -5.82426e-15 5.69191e-15
0.466399 -0.00497347 -6.35709e-15 8.94582e-15
0.467402 -0.0059005 -6.79042e-15 1.17223e-14
0.468405 -0.00698315 -7.13418e-15 1.4518e-14
0.469408 -0.00825435 -7.43354e-15 1.53925e-14
0.470411 -0.00973334 -7.71332e-15 1.4969e-14
0.471414 -0.0114626 -8.0269e-15 1.32181e-14
0.472417 -0.0134669 -8.4097e-15 1.06827e-14
0.47342 -0.0158003 -8.86103e-15 8.78731e-15
0.474423 -0.0184943 -9.37948e-15 7.53269e-15
0.475426 -0.0216174 -9.92308e-15 7.13481e-15
0.476429 -0.0252088 -1.04783e-14 7.28641e-15
0.477432 -0.0293541 -1.0981e-14 7.87057e-15
0.478435 -0.034102 -1.14292e-14 8.89958e-15
0.479438 -0.0395579 -1.17951e-14 1.05005e-14
0.480441 -0.0457815 -1.21018e-14 1.22998e-14
0.481444 -0.0529012 -1.23483e-14 1.3768e-14
0.482447 -0.060989 -1.25467e-14 1.48521e-14
0.48345 -0.0701992 -1.26987e-14 1.52278e-14
0.484453 -0.0806176 -1.28085e-14 1.50068e-14
0.485456 -0.092427 -1.28853e-14 1.43855e-14
0.486459 -0.105728 -1.29374e-14 1.29098e-14
0.487462 -0.120733 -1.29705e-14 1.03301e-14
0.488465 -0.137559 -1.29852e-14 6.39195e-15
0.489468 -0.15645 -1.29865e-14 2.3449e-15
0.490471 -0.177538 -1.29821e-14 -1.90051e-15
0.491474 -0.201096 -1.2969e-14 -5.11475e-15
0.492477 -0.227272 -1.29636e-14 -6.81475e-15
0.49348 -0.256367 -1.29435e-14 -6.91535e-15
0.494483 -0.288541 -1.29043e-14 -5.39362e-15
0.495486 -0.324117 -1.2826e-14 -2.87639e-15
0.496489 -0.363263 -1.26978e-14 -9.84812e-17
0.497492 -0.406318 -1.25154e-14 1.69388e-15
0.498495 -0.453451 -1.22724e-14 2.18438e-15
0.499498 -0.505003 -1.19754e-14 1.3343e-15
0.500502 -0.56114 -1.16392e-14 -8.56473e-16
0.501505 -0.622186 -1.12433e-14 -2.57428e-15
0.502508 -0.688294 -1.08013e-14 -4.44433e-15
0.503511 -0.759752 -1.02962e-14 -5.48925e-15
0.504514 -0.836686 -9.71941e-15 -6.32595e-15
0.505517 -0.919322 -9.10051e-15 -7.18406e-15
0.50652 -1.00775 -8.43278e-15 -8.17081e-15
0.507523 -1.10209 -7.76579e-15 -8.20207e-15
0.508526 -1.20239 -7.10719e-15 -7.25814e-15
0.509529 -1.30864 -6.49066e-15 -5.02791e-15
0.510532 -1.42081 -5.90029e-15 -2.08787e-15
0.511535 -1.53873 -5.34323e-15 7.69981e-16
0.512538 -1.66227 -4.80338e-15 3.27351e-15
0.513541 -1.79107 -4.26569e-15 3.86678e-15
0.514544 -1.92489 -3.7315e-15 2.42639e-15
0.515547 -2.06312 -3.16578e-15 -4.43341e-16
0.51655 -2.2054 -2.60668e-15 -4.74993e-15
0.517553 -2.35085 -2.0368e-15 -9.12642e-15
0.518556 -2.49896 -1.52826e-15 -1.09551e-14
0.519559 -2.64858 -1.05334e-15 -1.10448e-14
0.520562 -2.79902 -6.40281e-16 -9.99335e-15
0.521565 -2.94884 -2.09414e-16 -9.80306e-15
0.522568 -3.09719 2.56695e-16 -9.42791e-15
0.523571 -3.24231 7.35941e-16 -9.98358e-15
0.524574 -3.38323 1.2342e-15 -1.09448e-14
0.525577 -3.51789 1.81453e-15 -1.18505e-14
0.52658 -3.64517 2.30519e-15 -9.81062e-15
0.527583 -3.76277 2.76611e-15 -8.67832e-15
0.528586 -3.86946 3.28796e-15 -7.17804e-15
0.529589 -3.96275 3.72035e-15 -6.53396e-15
0.530592 -4.04135 4.13091e-15 -6.34967e-15
0.531595 -4.10265 4.46055e-15 -6.72967e-15
0.532598 -4.14535 4.76791e-15 -4.18795e-15
0.533601 -4.16685 5.07382e-15 -6.91149e-15
0.534604 -4.16588 5.31123e-15 -7.82669e-15
0.535607 -4.13996 5.50734e-15 -1.17945e-14
0.53661 -4.08794 5.67233e-15 -1.45681e-14
0.537613 -4.00761 5.84914e-15 -1.37214e-14
0.538616 -3.89802 5.96546e-15 -1.36453e-14
0.539619 -3.75737 6.1418e-15 -1.20226e-14
0.540622 -3.58497 6.15398e-15 -1.39154e-14
0.541625 -3.37961 6.29128e-15 -1.08588e-14
0.542628 -3.14093 6.21492e-15 -1.17625e-14
0.543631 -2.86845 6.1561e-15 -8.16265e-15
0.544634 -2.56219 6.05564e-15 -7.63731e-15
0.545637 -2.22256 5.83361e-15 -1.03565e-15
0.54664 -1.85001 5.73857e-15 -4.7668e-15
0.547643 -1.44589 5.50279e-15 -1.20715e-14
0.548646 -1.01116 5.51118e-15 -1.24107e-14
0.549649 -0.548146 5.51356e-15 -2.13832e-14
0.550652 -0.0583302 5.69544e-15 -2.90459e-14
0.551655 0.454965 5.79021e-15 -3.2342e-14
0.552658 0.989772 5.99308e-15 -2.76328e-14
0.553661 1.54182 6.11581e-15 -3.53118e-14
0.554664 2.10869 6.32219e-15 -2.21466e-14
0.555667 2.68528 6.41905e-15 -7.33474e-15
0.55667 3.26881 6.48358e-15 -1.13406e-14
0.557673 3.85348 6.83768e-15 -6.9371e-15
0.558676 4.43625 6.91189e-15 -6.27064e-15
0.559679 5.0109 7.48524e-15 -1.46562e-14
0.560682 5.57422 8.07291e-15 -2.39975e-14
0.561685 6.1198 8.43919e-15 -2.00446e-14
0.562688 6.64444 8.95287e-15 -9.62228e-15
0.563691 7.14184 9.23854e-15 5.7083e-16
0.564694 7.60895 9.98178e-15 -5.60783e-15
0.565697 8.0399 1.03277e-14 -8.80181e-15
0.5667 8.43193 1.0834e-14 -1.0247e-14
0.567703 8.7799 1.1003e-14 -4.38209e-15
0.568706 9.0815 1.15321e-14 -6.94564e-15
0.569709 9.33257 1.15102e-14 6.91164e-15
0.570712 9.53141 1.17038e-14 3.24481e-15
0.571715 9.67507 1.18193e-14 3.04921e-15
0.572718 9.76253 1.22039e-14 -3.21032e-15
0.573721 9.79226 1.22833e-14 2.53857e-15
0.574724 9.76396 1.32681e-14 -1.26385e-14
0.575727 9.67762 1.42002e-14 -6.66707e-15
0.57673 9.5337 1.5077e-14 -5.83923e-15
0.577733 9.33371 1.6332e-14 -9.14611e-16
0.578736 9.07888 1.75933e-14 -1.19833e-14
0.579739 8.77217 1.86947e-14 -9.32233e-15
0.580742 8.41549 1.97434e-14 8.31851e-15
0.581745 8.01312 2.04559e-14 8.94147e-15
0.582748 7.56756 2.09822e-14 1.06246e-14
0.583751 7.08421 2.13171e-14 1.56922e-14
0.584754 6.56602 2.12833e-14 1.92966e-14
0.585757 6.0192 2.09752e-14 2.00475e-14
0.58676 5.44703 2.08709e-14 2.55887e-14
0.587763 4.85623 2.09178e-14 2.80479e-14
0.588766 4.25023 2.08308e-14 1.14274e-14
0.589769 3.63592 2.08544e-14 5.46612e-15
0.590772 3.01671 2.14958e-14 -1.23569e-14
0.591775 2.39933 2.19304e-14 -1.95851e-14
0.592778 1.78702 2.2161e-14 -7.93375e-15
0.593781 1.18606 2.24699e-14 -8.4568e-15
0.594784 0.599362 2.26552e-14 -1.09169e-14
0.595787 0.0324615 2.28025e-14 -1.4633e-14
0.59679 -0.512152 2.26048e-14 -1.54393e-14
0.597793 -1.02988 2.23367e-14 -1.2514e-14
0.598796 -1.51877 2.22096e-14 -4.30764e-15
0.599799 -1.97529 2.2147e-14 3.95682e-15
0.600802 -2.39806 2.18824e-14 2.11284e-14
0.601805 -2.78473 2.17334e-14 2.93736e-14
0.602808 -3.13449 2.15e-14 3.94139e-14
0.603811 -3.44615 2.09643e-14 4.26265e-14
0.604814 -3.71949 2.03439e-14 3.77741e-14
0.605817 -3.95443 1.94014e-14 2.21592e-14
0.60682 -4.15126 1.84938e-14 -4.60842e-15
0.607823 -4.3109 1.78351e-14 -2.82639e-14
0.608826 -4.43409 1.72144e-14 -4.09347e-14
0.609829 -4.5226 1.66271e-14 -4.12961e-14
0.610832 -4.57754 1.60885e-14 -2.68279e-14
0.611836 -4.60132 1.56198e-14 -8.47822e-15
0.612839 -4.59534 1.51704e-14 5.50668e-15
0.613842 -4.56248 1.44854e-14 1.37721e-14
0.614845 -4.50429 1.35786e-14 1.32074e-14
0.615848 -4.42393 1.25555e-14 8.89202e-15
0.616851 -4.32302 1.13183e-14 5.41579e-15
0.617854 -4.2048 9.97293e-15 6.65906e-15
0.618857 -4.07089 8.55813e-15 1.33738e-14
0.61986 -3.92445 7.13356e-15 2.47156e-14
0.620863 -3.76701 5.78268e-15 3.5e-14
0.621866 -3.60153 4.55216e-15 3.77325e-14
0.622869 -3.42939 3.47617e-15 3.39135e-14
0.623872 -3.25325 2.43297e-15 2.41483e-14
0.624875 -3.0743 1.32173e-15 1.1422e-14
0.625878 -2.8948 -1.17434e-18 3.40447e-15
0.626881 -2.71577 -1.56167e-15 -1.76787e-15
0.627884 -2.53905 -3.29726e-15 -1.0017e-15
0.628887 -2.36543 -5.12703e-15 4.6393e-15
0.62989 -2.19634 -6.92042e-15 1.23507e-14
0.630893 -2.03236 -8.57089e-15 1.91469e-14
0.631896 -1.8745 -9.98794e-15 2.37357e-14
0.632899 -1.72315 -1.11043e-14 2.29608e-14
0.633902 -1.57898 -1.19137e-14 1.68729e-14
0.634905 -1.44218 -1.24619e-14 9.15766e-15
0.635908 -1.31309 -1.2844e-14 3.19192e-15
0.636911 -1.19178 -1.31446e-14 1.44406e-15
0.637914 -1.0783 -1.34693e-14 4.73881e-15
0.638917 -0.972622 -1.38695e-14 9.54363e-15
0.63992 -0.874578 -1.43661e-14 1.31593e-14
0.640923 -0.784041 -1.49686e-14 1.43367e-14
0.641926 -0.700702 -1.5662e-14 1.28244e-14
0.642929 -0.624369 -1.64289e-14 1.09575e-14
0.643932 -0.554627 -1.72701e-14 1.01231e-14
0.644935 -0.491248 -1.8216e-14 1.16334e-14
0.645938 -0.433757 -1.93023e-14 1.53435e-14
0.646941 -0.381906 -2.0531e-14 1.97172e-14
0.647944 -0.3352 -2.18515e-14 2.12561e-14
0.648947 -0.293387 -2.31962e-14 1.86042e-14
0.64995 -0.255977 -2.44013e-14 1.21037e-14
0.650953 -0.222729 -2.53916e-14 3.16384e-15
0.651956 -0.193178 -2.60419e-14 -5.3547e-15
0.652959 -0.167102 -2.63447e-14 -1.18642e-14
0.653962 -0.144076 -2.63353e-14 -1.42476e-14
0.654965 -0.123899 -2.60643e-14 -1.28876e-14
0.655968 -0.106196 -2.56484e-14 -8.1493e-15
0.656971 -0.0907913 -2.5135e-14 -1.54606e-15
0.657974 -0.0773592 -2.46203e-14 4.81554e-15
0.658977 -0.0657521 -2.41194e-14 1.07578e-14
0.65998 -0.0556937 -2.36584e-14 1.41339e-14
0.660983 -0.0470613 -2.32417e-14 1.50111e-14
0.661986 -0.0396265 -2.28781e-14 1.33523e-14
0.662989 -0.0332891 -2.2574e-14 9.56323e-15
0.663992 -0.027864 -2.23322e-14 4.4773e-15
0.664995 -0.023271 -2.21556e-14 -1.29039e-15
0.665998 -0.0193628 -2.20522e-14 -4.4767e-15
0.667001 -0.0160765 -2.2008e-14 -5.15729e-15
0.668004 -0.0132969 -2.19997e-14 -3.49722e-15
0.669007 -0.0109753 -2.19989e-14 5.1361e-16
0.67001 -0.00902336 -2.19439e-14 4.22541e-15
0.671013 -0.0074041 -2.18098e-14 6.17559e-15
0.672016 -0.00605074 -2.15499e-14 4.711e-15
0.673019 -0.00493562 -2.11729e-14 5.97745e-16
0.674022 -0.00400912 -2.06752e-14 -4.47248e-15
0.675025 -0.00325089 -2.00886e-14 -8.2133e-15
0.676028 -0.00262462 -1.94017e-14 -8.6851e-15
0.677031 -0.00211558 -1.86095e-14 -6.15891e-15
0.678034 -0.0016976 -1.7703e-14 -2.6611e-15
0.679037 -0.00136018 -1.66808e-14 2.77986e-16
0.68004 -0.00108475 -1.56007e-14 7.31104e-16
0.681043 -0.000863932 -1.4533e-14 -8.86004e-16
0.682046 -0.000684737 -1.35634e-14 -3.13888e-15
0.683049 -0.000542058 -1.27416e-14 -5.05014e-15
0.684052 -0.000426955 -1.20837e-14 -5.4244e-15
0.685055 -0.000335942 -1.1581e-14 -4.70985e-15
0.686058 -0.000262951 -1.11894e-14 -3.18612e-15
0.687061 -0.000205638 -1.0874e-14 -2.74143e-15
0.688064 -0.000159944 -1.05922e-14 -3.59587e-15
0.689067 -0.000124316 -1.0342e-14 -5.07204e-15
0.69007 -9.60787e-05 -1.00897e-14 -5.76286e-15
0.691073 -7.4217e-05 -9.79348e-15 -5.2473e-15
0.692076 -5.69921e-05 -9.36103e-15 -3.62829e-15
0.693079 -4.37513e-05 -8.73313e-15 -1.46634e-15
0.694082 -3.33805e-05 -7.83812e-15 -2.51272e-16
0.695085 -2.54656e-05 -6.66709e-15 -8.65601e-17
0.696088 -1.93029e-05 -5.27177e-15 -1.24449e-15
0.697091 -1.46335e-05 -3.70543e-15 -3.31014e-15
0.698094 -1.10195e-05 -2.11455e-15 -5.21772e-15
0.699097 -8.30115e-06 -5.79076e-16 -6.40213e-15
0.7001 -6.2097e-06 7.61465e-16 -5.87889e-15
0.701103 -4.64813e-06 1.85555e-15 -3.73386e-15
0.702106 -3.45385e-06 2.64993e-15 -1.01993e-15
0.703109 -2.56877e-06 3.13665e-15 1.46684e-15
0.704112 -1.89591e-06 3.35322e-15 1.80602e-15
0.705115 -1.40098e-06 3.34476e-15 5.45974e-16
0.706118 -1.02699e-06 3.22008e-15 -2.20476e-15
0.707121 -7.53977e-07 3.05529e-15 -5.18228e-15
0.708124 -5.48917e-07 2.98601e-15 -6.87657e-15
0.709127 -4.00361e-07 3.06099e-15 -7.85275e-15
0.71013 -2.89458e-07 3.35062e-15 -7.92079e-15
0.711133 -2.09733e-07 3.83935e-15 -7.65531e-15
0.712136 -1.50577e-07 4.47479e-15 -6.81345e-15
0.713139 -1.08382e-07 5.2078e-15 -6.26436e-15
0.714142 -7.72634e-08 5.9619e-15 -6.33745e-15
0.715145 -5.52417e-08 6.71161e-15 -6.95379e-15
0.716148 -3.91004e-08 7.41803e-15 -8.27558e-15
0.717151 -2.77683e-08 8.06099e-15 -9.43083e-15
0.718154 -1.95133e-08 8.62245e-15 -9.53425e-15
0.719157 -1.37642e-08 9.08514e-15 -8.8364e-15
0.72016 -9.60213e-09 9.4479e-15 -7.80148e-15
0.721163 -6.72705e-09 9.69861e-15 -6.23683e-15
0.722166 -4.65849e-09 9.85158e-15 -5.22895e-15
0.72317 -3.24128e-09 9.90468e-15 -5.08352e-15
0.724173 -2.22797e-09 9.87369e-15 -5.23712e-15
0.725176 -1.53949e-09 9.76414e-15 -6.6721e-15
0.726179 -1.05029e-09 9.60849e-15 -8.39447e-15
0.727182 -7.20698e-10 9.43698e-15 -1.0292e-14
0.728185 -4.87971e-10 9.27164e-15 -1.17666e-14
0.729188 -3.3249e-10 9.13738e-15 -1.22865e-14
0.730191 -2.23388e-10 9.05366e-15 -1.10036e-14
0.731194 -1.51118e-10 9.00538e-15 -9.01835e-15
0.732197 -1.00731e-10 9.01616e-15 -7.36236e-15
0.7332 -6.76523e-11 9.06222e-15 -6.34118e-15
0.734203 -4.47444e-11 9.12013e-15 -5.93458e-15
0.735206 -2.9843e-11 9.16427e-15 -6.30483e-15
0.736209 -1.95867e-11 9.16454e-15 -6.38204e-15
0.737212 -1.29702e-11 9.11006e-15 -6.37249e-15
0.738215 -8.44374e-12 9.00308e-15 -6.13501e-15
0.739218 -5.55224e-12 8.84317e-15 -5.77833e-15
0.740221 -3.59493e-12 8.64344e-15 -5.55326e-15
0.741224 -2.36465e-12 8.4157e-15 -5.2611e-15
0.742227 -1.53871e-12 8.18638e-15 -5.10084e-15
0.74323 -1.01996e-12 7.97332e-15 -5.04868e-15
0.744233 -6.61077e-13 7.77485e-15 -5.34967e-15
0.745236 -4.22729e-13 7.60057e-15 -6.10701e-15
0.746239 -2.52125e-13 7.4285e-15 -7.29619e-15
0.747242 -1.39937e-13 7.25884e-15 -8.52073e-15
0.748245 -7.43079e-14 7.08339e-15 -9.29585e-15
0.749248 -5.19963e-14 6.90885e-15 -9.20495e-15
0.750251 -6.36515e-14 6.72988e-15 -7.89987e-15
0.751254 -1.0236e-13 6.55762e-15 -5.73166e-15
0.752257 -1.53954e-13 6.40276e-15 -3.34379e-15
0.75326 -2.12417e-13 6.25919e-15 -2.36695e-15
0.754263 -2.70701e-13 6.12798e-15 -2.16649e-15
0.755266 -3.29965e-13 6.00205e-15 -2.61597e-15
0.756269 -3.98646e-13 5.83903e-15 -2.9446e-15
0.757272 -4.85423e-13 5.64823e-15 -2.6094e-15
0.758275 -6.10387e-13 5.43723e-15 -2.52979e-15
0.759278 -7.84854e-13 5.21271e-15 -2.59919e-15
0.760281 -1.03087e-12 4.98683e-15 -3.11353e-15
0.761284 -1.3592e-12 4.77246e-15 -4.13614e-15
0.762287 -1.79359e-12 4.56848e-15 -4.1012e-15
0.76329 -2.34942e-12 4.37295e-15 -2.62972e-15
0.764293 -3.06728e-12 4.19242e-15 -1.09845e-15
0.765296 -3.97709e-12 4.01229e-15 9.10295e-16
0.766299 -5.15453e-12 3.80827e-15 2.92386e-15
0.767302 -6.65161e-12 3.57431e-15 4.89596e-15
0.768305 -8.5937e-12 3.31505e-15 5.66583e-15
0.769308 -1.10635e-11 3.03202e-15 6.05198e-15
0.770311 -1.42597e-11 2.74765e-15 6.78541e-15
0.771314 -1.83137e-11 2.4747e-15 6.92995e-15
0.772317 -2.35427e-11 2.24459e-15 6.43895e-15
0.77332 -3.0157e-11 2.06171e-15 5.51416e-15
0.774323 -3.86628e-11 1.93319e-15 3.97887e-15
0.775326 -4.93943e-11 1.85757e-15 2.90605e-15
0.776329 -6.31537e-11 1.82161e-15 1.8501e-15
0.777332 -8.04686e-11 1.81037e-15 1.72412e-15
0.778335 -1.02603e-10 1.78003e-15 2.3021e-15
0.779338 -1.30384e-10 1.725e-15 3.81787e-15
0.780341 -1.65788e-10 1.63069e-15 6.27302e-15
0.781344 -2.10105e-10 1.51614e-15 8.35297e-15
0.782347 -2.66403e-10 1.39759e-15 9.10614e-15
0.78335 -3.36677e-10 1.28618e-15 9.00128e-15
0.784353 -4.25661e-10 1.18219e-15 8.20234e-15
0.785356 -5.36423e-10 1.07962e-15 7.38934e-15
0.786359 -6.76228e-10 9.64967e-16 7.47967e-15
0.787362 -8.49766e-10 8.38699e-16 8.48435e-15
0.788365 -1.06812e-09 7.12836e-16 8.9958e-15
0.789368 -1.3384e-09 5.81371e-16 9.52301e-15
0.790371 -1.67741e-09 4.6924e-16 9.32197e-15
0.791374 -2.09587e-09 3.81862e-16 8.60365e-15
0.792377 -2.61904e-09 3.20514e-16 7.76763e-15
0.79338 -3.26301e-09 2.83512e-16 7.25442e-15
0.794383 -4.06549e-09 2.67178e-16 6.89716e-15
0.795386 -5.05044e-09 2.59234e-16 6.86174e-15
0.796389 -6.27382e-09 2.33695e-16 6.56756e-15
0.797392 -7.77103e-09 1.83984e-16 6.80847e-15
0.798395 -9.62455e-09 1.15631e-16 6.99105e-15
0.799398 -1.18863e-08 4.35663e-17 7.13401e-15
0.800401 -1.46771e-08 -2.49626e-17 7.09144e-15
0.801404 -1.80726e-08 -7.48651e-17 7.35076e-15
0.802407 -2.22481e-08 -1.09382e-16 7.30397e-15
0.80341 -2.73134e-08 -1.28123e-16 7.73838e-15
0.804413 -3.35213e-08 -1.34957e-16 7.85314e-15
0.805416 -4.10293e-08 -1.3957e-16 8.13081e-15
0.806419 -5.01997e-08 -1.57564e-16 7.97977e-15
0.807422 -6.12569e-08 -1.9344e-16 7.42877e-15
0.808425 -7.4716e-08 -2.642e-16 6.28091e-15
0.809428 -9.08945e-08 -3.62403e-16 5.02004e-15
0.810431 -1.10519e-07 -4.70284e-16 3.46104e-15
0.811434 -1.34035e-07 -5.7249e-16 2.90758e-15
0.812437 -1.6246e-07 -6.57105e-16 2.63948e-15
0.81344 -1.96414e-07 -7.15635e-16 3.03439e-15
0.814443 -2.37311e-07 -7.27508e-16 3.07364e-15
0.815446 -2.86007e-07 -6.94764e-16 2.77541e-15
0.816449 -3.44449e-07 -6.41283e-16 2.66252e-15
0.817452 -4.13814e-07 -5.80029e-16 2.79003e-15
0.818455 -4.96757e-07 -5.44286e-16 2.69395e-15
0.819458 -5.94878e-07 -5.42336e-16 2.65075e-15
0.820461 -7.11777e-07 -5.85502e-16 1.67039e-15
0.821464 -8.49608e-07 -6.64034e-16 5.47201e-16
0.822467 -1.0132e-06 -7.83063e-16 1.52006e-16
0.82347 -1.20544e-06 -9.05733e-16 6.68406e-16
0.824473 -1.43274e-06 -1.01832e-15 1.7887e-15
0.825476 -1.69893e-06 -1.11449e-15 2.35644e-15
0.826479 -2.01246e-06 -1.17229e-15 2.44047e-15
0.827482 -2.37835e-06 -1.20088e-15 2.09844e-15
0.828485 -2.80763e-06 -1.21908e-15 1.54764e-15
0.829488 -3.3068e-06 -1.21716e-15 1.21401e-15
0.830491 -3.89016e-06 -1.21426e-15 1.20869e-15
0.831494 -4.56601e-06 -1.20775e-15 1.67253e-15
0.832497 -5.35265e-06 -1.19082e-15 8.91596e-16
0.833501 -6.26065e-06 -1.16937e-15 -3.86242e-16
0.834504 -7.31312e-06 -1.16459e-15 -2.54937e-15
0.835507 -8.52337e-06 -1.19154e-15 -4.16907e-15
0.83651 -9.92028e-06 -1.26159e-15 -4.31979e-15
0.837513 -1.15204e-05 -1.36589e-15 -3.09848e-15
0.838516 -1.33593e-05 -1.49391e-15 -1.16247e-15
0.839519 -1.54573e-05 -1.62884e-15 5.02975e-16
0.840522 -1.78578e-05 -1.7359e-15 5.15344e-16
0.841525 -2.05853e-05 -1.81432e-15 -4.83155e-16
0.842528 -2.3692e-05 -1.85791e-15 -1.59074e-15
0.843531 -2.7207e-05 -1.87425e-15 -2.79537e-15
0.844534 -3.1192e-05 -1.871e-15 -3.83709e-15
0.845537 -3.5681e-05 -1.85758e-15 -4.16454e-15
0.84654 -4.07459e-05 -1.84998e-15 -4.35206e-15
0.847543 -4.64258e-05 -1.85664e-15 -4.13903e-15
0.848546 -5.28023e-05 -1.88923e-15 -3.36153e-15
0.849549 -5.99195e-05 -1.95165e-15 -2.58261e-15
0.850552 -6.78685e-05 -2.04308e-15 -2.24885e-15
0.851555 -7.66974e-05 -2.14703e-15 -2.08262e-15
0.852558 -8.65051e-05 -2.26186e-15 -2.2635e-15
0.853561 -9.73427e-05 -2.35012e-15 -2.94798e-15
0.854564 -0.000109314 -2.4223e-15 -3.47888e-15
0.855567 -0.000122471 -2.47702e-15 -4.12145e-15
0.85657 -0.000136917 -2.52409e-15 -4.25318e-15
0.857573 -0.000152705 -2.57182e-15 -4.00221e-15
0.858576 -0.00016993 -2.61743e-15 -3.12737e-15
0.859579 -0.000188639 -2.65276e-15 -2.71084e-15
0.860582 -0.000208915 -2.67038e-15 -2.10274e-15
0.861585 -0.000230792 -2.64986e-15 -1.92792e-15
0.862588 -0.00025433 -2.60718e-15 -2.64543e-15
0.863591 -0.000279546 -2.54971e-15 -2.93471e-15
0.864594 -0.00030646 -2.51314e-15 -3.32842e-15
0.865597 -0.000335066 -2.51375e-15 -3.40695e-15
0.8666 -0.00036533 -2.55232e-15 -3.32757e-15
0.867603 -0.000397213 -2.62396e-15 -3.71991e-15
0.868606 -0.00043061 -2.702e-15 -4.67035e-15
0.869609 -0.000465439 -2.77591e-15 -6.16573e-15
0.870612 -0.000501504 -2.81235e-15 -7.41789e-15
0.871615 -0.000538672 -2.81692e-15 -8.35131e-15
0.872618 -0.000576635 -2.77144e-15 -8.04728e-15
0.873621 -0.0006152 -2.68099e-15 -6.65079e-15
0.874624 -0.000653926 -2.54948e-15 -4.83219e-15
0.875627 -0.000692551 -2.39222e-15 -3.20523e-15
0.87663 -0.000730489 -2.23198e-15 -1.65787e-15
0.877633 -0.000767398 -2.08647e-15 -1.10788e-15
0.878636 -0.000802533 -1.97482e-15 -1.02346e-15
0.879639 -0.000835472 -1.90719e-15 -1.40526e-15
0.880642 -0.000865305 -1.8741e-15 -1.72856e-15
0.881645 -0.000891528 -1.85854e-15 -2.01071e-15
0.882648 -0.000913074 -1.84906e-15 -2.50647e-15
0.883651 -0.000929363 -1.83022e-15 -2.69571e-15
0.884654 -0.000939186 -1.79382e-15 -3.13843e-15
0.885657 -0.000941902 -1.7368e-15 -2.992e-15
0.88666 -0.000936191 -1.64593e-15 -3.33576e-15
0.887663 -0.000921373 -1.52561e-15 -3.08408e-15
0.888666 -0.000896069 -1.39236e-15 -2.98093e-15
0.889669 -0.000859587 -1.24682e-15 -2.03784e-15
0.890672 -0.00081056 -1.10557e-15 -8.74823e-16
0.891675 -0.000748325 -9.59699e-16 1.02966e-16
0.892678 -0.000671611 -8.14568e-16 1.24391e-16
0.893681 -0.000579833 -6.78121e-16 -3.5826e-16
0.894684 -0.000471922 -5.59284e-16 -1.50728e-15
0.895687 -0.00034743 -4.61002e-16 -2.09753e-15
0.89669 -0.000205604 -3.80808e-16 -2.11116e-15
0.897693 -4.61976e-05 -3.18286e-16 -1.40492e-15
0.898696 0.000131097 -2.41103e-16 -1.35574e-16
0.899699 0.000326265 -1.47853e-16 8.89486e-16
0.900702 0.000539038 -2.72897e-17 8.77141e-16
0.901705 0.000769076 1.05666e-16 4.98214e-16
0.902708 0.00101542 2.35636e-16 2.91788e-16
0.903711 0.00127734 3.54624e-16 2.80752e-17
0.904714 0.0015531 4.56176e-16 3.13467e-16
0.905717 0.00184154 5.50789e-16 5.7245e-16
0.90672 0.00214005 6.51375e-16 3.60415e-16
0.907723 0.00244704 7.60468e-16 -2.66901e-16
0.908726 0.00275903 8.5555e-16 -9.2589e-16
0.909729 0.00307398 9.392e-16 -7.75693e-16
0.910732 0.00338754 1.00391e-15 -2.53572e-17
0.911735 0.0036973 1.03981e-15 1.0673e-15
0.912738 0.00399814 1.07563e-15 1.96805e-15
0.913741 0.00428733 1.11249e-15 2.22719e-15
0.914744 0.00455917 1.15199e-15 1.99949e-15
0.915747 0.0048107 1.1973e-15 1.62348e-15
0.91675 0.00503591 1.23978e-15 1.05557e-15
0.917753 0.00523174 1.2866e-15 4.43774e-16
0.918756 0.00539216 1.33743e-15 7.47354e-17
0.919759 0.00551422 1.40377e-15 -2.91299e-16
0.920762 0.00559224 1.46735e-15 -2.65901e-16
0.921765 0.00562357 1.53539e-15 3.66711e-16
0.922768 0.00560327 1.595e-15 4.83038e-16
0.923771 0.00552922 1.64298e-15 9.89186e-16
0.924774 0.00539766 1.68342e-15 1.0623e-15
0.925777 0.00520718 1.70847e-15 1.02807e-15
0.92678 0.00495562 1.72059e-15 1.0251e-15
0.927783 0.00464246 1.72987e-15 6.71686e-16
0.928786 0.00426748 1.73212e-15 6.27344e-16
0.929789 0.00383124 1.73286e-15 8.47155e-16
0.930792 0.00333573 1.72717e-15 9.66908e-16
0.931795 0.00278266 1.73233e-15 9.08567e-16
0.932798 0.00217639 1.73092e-15 1.01225e-15
0.933801 0.00151982 1.73842e-15 1.19518e-15
0.934804 0.000819676 1.74237e-15 1.20458e-15
0.935807 8.00152e-05 1.7463e-15 8.81303e-16
0.93681 -0.000690245 1.75441e-15 4.86015e-16
0.937813 -0.00148603 1.7606e-15 1.59523e-16
0.938816 -0.00229654 1.75964e-15 4.31188e-16
0.939819 -0.0031159 1.74731e-15 7.70859e-16
0.940822 -0.00393194 1.71229e-15 1.6867e-15
0.941825 -0.00473829 1.65889e-15 2.51605e-15
0.942828 -0.00552204 1.59306e-15 3.16079e-15
0.943831 -0.00627666 1.52148e-15 3.60823e-15
0.944835 -0.00698924 1.44834e-15 4.35405e-15
0.945838 -0.00765353 1.37254e-15 4.62812e-15
0.946841 -0.00825741 1.30157e-15 4.15708e-15
0.947844 -0.00879529 1.2495e-15 2.89421e-15
0.948847 -0.00925667 1.19739e-15 1.53641e-15
0.94985 -0.00963701 1.15745e-15 1.04531e-15
0.950853 -0.00992818 1.11887e-15 1.32438e-15
0.951856 -0.010127 1.08963e-15 2.09383e-15
0.952859 -0.0102284 1.0783e-15 2.44193e-15
0.953862 -0.0102307 1.06018e-15 1.69465e-15
0.954865 -0.0101323 1.04975e-15 1.16265e-15
0.955868 -0.00993352 1.03038e-15 1.25976e-15
0.956871 -0.00963621 1.01136e-15 1.38703e-15
0.957874 -0.0092425 9.87599e-16 2.15856e-15
0.958877 -0.00875795 9.6673e-16 3.31659e-15
0.95988 -0.00818641 9.4606e-16 4.84025e-15
0.960883 -0.00753677 9.25568e-16 5.82816e-15
0.961886 -0.00681441 9.05681e-16 5.61969e-15
0.962889 -0.00603102 8.81475e-16 3.99488e-15
0.963892 -0.00519316 8.50301e-16 1.87707e-15
0.964895 -0.00431463 8.18411e-16 1.16923e-16
0.965898 -0.00340277 7.81467e-16 -8.4612e-16
0.966901 -0.00247256 7.56033e-16 -9.61037e-16
0.967904 -0.00153166 7.43534e-16 -3.75208e-16
0.968907 -0.000595304 7.38277e-16 2.86471e-16
0.96991 0.000329041 7.25351e-16 1.21689e-15
0.970913 0.00122686 6.96637e-16 2.54266e-15
0.971916 0.00209132 6.55366e-16 3.98416e-15
0.972919 0.00290953 6.01409e-16 5.14179e-15
0.973922 0.00367573 5.37479e-16 5.71456e-15
0.974925 0.00437937 4.78265e-16 5.74385e-15
0.975928 0.00501609 4.10904e-16 5.25687e-15
0.976931 0.00557829 3.5768e-16 3.95717e-15
0.977934 0.00606317 3.14498e-16 2.60107e-15
0.978937 0.00646641 2.98118e-16 1.06525e-15
0.97994 0.0067869 2.94321e-16 -1.18645e-16
0.980943 0.00702366 2.93202e-16 -7.147e-16
0.981946 0.00717721 2.80166e-16 -5.4896e-16
0.982949 0.00724977 2.66629e-16 2.62511e-16
0.983952 0.00724336 2.44348e-16 7.31838e-16
0.984955 0.007163 2.28519e-16 1.42963e-15
0.985958 0.00701195 2.15304e-16 2.01976e-15
0.986961 0.00679748 2.09426e-16 1.92135e-15
0.987964 0.00652378 2.12538e-16 1.04314e-15
0.988967 0.00619973 2.13675e-16 4.69277e-16
0.98997 0.00583007 2.15296e-16 8.02533e-17
0.990973 0.00542453 2.03682e-16 2.69398e-17
0.991976 0.00498809 1.67716e-16 8.55772e-16
0.992979 0.00453062 1.28534e-16 1.35208e-15
0.993982 0.00405695 7.87264e-17 1.18476e-15
0.994985 0.00357645 3.29778e-17 4.37166e-16
0.995988 0.00309353 -9.63482e-18 -6.89071e-16
0.996991 0.00261652 -5.79648e-17 -1.19139e-15
0.997994 0.00214916 -1.14281e-16 -1.07696e-15
0.998997 0.00169832 -1.73133e-16 -2.78043e-16
1 0.00126696 -2.2696e-16 8.47677e-16