0.00100301 -1.95118e-13 -1.08963e-18 -7.5646e-17
0.00200602 -1.24594e-13 -7.05586e-19 -6.5792e-17
0.00300903 -9.17912e-14 -1.33007e-19 1.66568e-16
0.00401204 -1.29008e-13 -1.12596e-18 -1.06429e-16
0.00501505 -2.24817e-13 3.7907e-18 2.8521e-17
0.00601805 -3.3728e-13 5.25407e-19 1.33725e-16
0.00702106 -4.91012e-13 4.8052e-19 -9.50192e-17
0.00802407 -6.82525e-13 1.74179e-18 -1.69847e-17
0.00902708 -9.80114e-13 5.912e-18 2.17059e-16
0.0100301 -1.37989e-12 4.77157e-18 1.18405e-17
0.0110331 -2.00193e-12 1.90604e-18 8.28238e-18
0.0120361 -2.8136e-12 4.74365e-18 -1.50153e-17
0.0130391 -4.05146e-12 4.3854e-18 1.35022e-16
0.0140421 -5.65785e-12 6.35242e-18 2.54802e-16
0.0150451 -8.10455e-12 5.21789e-18 7.56408e-17
0.0160481 -1.12804e-11 2.97207e-18 -1.08137e-16
0.0170512 -1.60989e-11 -5.66013e-19 -5.28006e-16
0.0180542 -2.2326e-11 3.53242e-18 -1.28406e-16
0.0190572 -3.17205e-11 7.96631e-18 -1.4952e-16
0.0200602 -4.38151e-11 9.84169e-18 1.55702e-16
0.0210632 -6.19748e-11 1.4473e-17 3.6204e-16
0.0220662 -8.52773e-11 6.69315e-18 -2.34827e-17
0.0230692 -1.20098e-10 3.13553e-18 -2.53833e-16
0.0240722 -1.64623e-10 -2.74334e-18 -1.05737e-16
0.0250752 -2.30828e-10 2.00202e-18 -2.67409e-16
0.0260782 -3.15182e-10 3.95443e-18 -6.5592e-17
0.0270812 -4.39996e-10 9.90073e-18 3.50712e-17
0.0280843 -5.98473e-10 8.04598e-18 -1.52559e-16
0.0290873 -8.31812e-10 3.38869e-18 -1.93528e-16
0.0300903 -1.12705e-09 -4.67243e-18 -7.28171e-17
0.0310933 -1.5596e-09 -1.75175e-17 -2.25381e-16
0.0320963 -2.10497e-09 -2.14555e-17 8.62788e-18
0.0330993 -2.90007e-09 -2.02837e-17 2.02857e-16
0.0341023 -3.89903e-09 -2.00334e-17 2.39994e-16
0.0351053 -5.34819e-09 -1.6557e-17 -1.6393e-16
0.0361083 -7.16255e-09 -6.10426e-18 1.42402e-16
0.0371113 -9.78151e-09 1.44382e-18 2.62228e-16
0.0381143 -1.3049e-08 1.0321e-17 6.00657e-16
0.0391174 -1.77419e-08 8.70887e-18 1.8223e-16
0.0401204 -2.35764e-08 -5.16085e-18 -5.32048e-17
0.0411234 -3.19145e-08 -1.88042e-17 -6.44283e-16
0.0421264 -4.22444e-08 -2.26224e-17 -5.21304e-16
0.0431294 -5.69328e-08 -1.8197e-17 -1.45075e-16
0.0441324 -7.50664e-08 -6.63089e-18 5.18278e-16
0.0451354 -1.00721e-07 4.58315e-18 6.99749e-16
0.0461384 -1.32282e-07 1.51197e-17 3.63811e-16
0.0471414 -1.76709e-07 1.49973e-17 -2.26458e-16
0.0481444 -2.31172e-07 1.15575e-17 -2.68273e-16
0.0491474 -3.07446e-07 9.17166e-18 -1.64618e-16
0.0501505 -4.00624e-07 -7.74705e-19 5.66488e-17
0.0511535 -5.30455e-07 -5.33604e-18 2.51896e-16
0.0521565 -6.88503e-07 -8.10656e-18 8.6836e-17
0.0531595 -9.07594e-07 -1.19654e-17 -2.15491e-16
0.0541625 -1.17337e-06 -1.28396e-17 -3.42101e-16
0.0551655 -1.5399e-06 -7.14725e-18 7.0973e-17
0.0561685 -1.98297e-06 -3.21312e-18 1.51482e-16
0.0571715 -2.59087e-06 -8.85904e-18 1.50302e-16
0.0581745 -3.32313e-06 -1.18933e-17 -1.38859e-16
0.0591775 -4.32261e-06 -1.47502e-17 -3.2649e-16
0.0601805 -5.52231e-06 -7.52071e-18 -3.45237e-16
0.0611836 -7.1513e-06 1.99865e-18 1.49322e-16
0.0621866 -9.09975e-06 1.98489e-17 4.38818e-16
0.0631896 -1.17316e-05 3.87339e-17 5.50736e-16
0.0641926 -1.48685e-05 5.19405e-17 5.6591e-16
0.0651956 -1.90834e-05 5.21157e-17 -7.68169e-17
0.0661986 -2.40894e-05 4.55112e-17 -5.43194e-16
0.0672016 -3.07802e-05 3.45522e-17 -8.41539e-16
0.0682046 -3.86988e-05 2.0735e-17 -6.63379e-16
0.0692076 -4.92265e-05 -2.95887e-19 -5.97754e-16
0.0702106 -6.16419e-05 -9.81194e-18 -2.52623e-16
0.0712136 -7.80599e-05 -1.78118e-17 4.2316e-16
0.0722166 -9.73533e-05 -1.84605e-17 9.51296e-16
0.0732197 -0.00012273 -2.53137e-17 8.15926e-16
0.0742227 -0.000152445 -2.93107e-17 3.48697e-16
0.0752257 -0.000191319 -3.52422e-17 -8.84525e-17
0.0762287 -0.000236677 -2.3252e-17 -5.06796e-16
0.0772317 -0.000295692 -1.36644e-17 -3.87895e-16
0.0782347 -0.000364306 2.30596e-18 -2.78999e-16
0.0792377 -0.000453091 9.02775e-18 1.71484e-16
0.0802407 -0.000555948 2.55139e-18 3.46608e-16
0.0812437 -0.000688312 -7.4431e-18 5.50228e-16
0.0822467 -0.000841102 -1.72538e-17 5.68445e-16
0.0832497 -0.00103664 -3.90494e-17 1.39635e-16
0.0842528 -0.00126153 -4.69416e-17 -4.18666e-16
0.0852558 -0.00154773 -5.00314e-17 -8.63035e-16
0.0862588 -0.00187573 -3.98741e-17 -5.59297e-16
0.0872618 -0.00229078 -1.6324e-17 -1.14496e-16
0.0882648 -0.0027647 -2.06865e-18 6.52116e-16
0.0892678 -0.00336102 1.10141e-17 4.38477e-16
0.0902708 -0.00403944 1.73372e-17 3.55404e-16
0.0912738 -0.00488817 1.93445e-17 3.48902e-16
0.0922768 -0.00585022 1.67936e-17 2.92752e-16
0.0932798 -0.00704681 7.17635e-18 3.19649e-16
0.0942828 -0.00839818 -6.51761e-18 -2.16252e-16
0.0952859 -0.0100691 -1.3702e-17 -6.6277e-16
0.0962889 -0.0119493 -5.5706e-18 -7.88969e-16
0.0972919 -0.0142603 8.12577e-18 -5.85909e-16
0.0982949 -0.0168509 2.28881e-17 -3.20561e-16
0.0992979 -0.0200161 3.08996e-17 1.73562e-16
0.100301 -0.0235509 2.86002e-17 1.74084e-16
0.101304 -0.0278436 1.93257e-17 1.70762e-16
0.102307 -0.0326192 9.62332e-18 3.38597e-16
0.10331 -0.0383832 -1.85205e-18 7.24808e-16
0.104313 -0.0447711 -7.17461e-18 4.5434e-16
0.105316 -0.0524329 -1.13858e-17 3.227e-16
0.106319 -0.0608912 -1.47877e-17 -1.86868e-16
0.107322 -0.0709718 -1.88428e-17 -6.5697e-16
0.108325 -0.0820568 -2.34656e-17 -7.05215e-16
0.109328 -0.0951825 -2.76691e-17 -3.97419e-16
0.110331 -0.109559 -3.29271e-17 -3.87904e-17
0.111334 -0.12647 -3.22648e-17 5.3784e-16
0.112337 -0.144917 -2.72563e-17 5.9056e-16
0.11334 -0.166471 -1.82797e-17 1.49786e-16
0.114343 -0.189887 -5.62257e-18 -8.78057e-17
0.115346 -0.217058 8.68678e-18 -2.08053e-16
0.116349 -0.246453 1.18612e-17 -5.05867e-16
0.117352 -0.28032 1.17765e-17 -3.95876e-16
0.118355 -0.316803 8.26203e-18 -1.67015e-16
0.119358 -0.358532 1.27204e-17 -2.25295e-16
0.120361 -0.403288 2.01893e-17 2.33207e-16
0.121364 -0.454095 3.57161e-17 4.80452e-16
0.122367 -0.508342 4.24746e-17 3.8449e-17
0.12337 -0.569444 4.29743e-17 -1.25062e-16
0.124373 -0.634381 3.73619e-17 -2.4334e-16
0.125376 -0.706932 3.02212e-17 -1.76009e-16
0.126379 -0.783665 2.02741e-17 -1.25247e-16
0.127382 -0.86867 8.89579e-18 -3.22216e-16
0.128385 -0.958122 2.7997e-18 -2.32536e-16
0.129388 -1.05633 9.35673e-18 -1.06089e-16
0.130391 -1.15914 1.29153e-18 5.0507e-16
0.131394 -1.27093 -1.43161e-17 8.13108e-16
0.132397 -1.38731 -3.38188e-17 7.67413e-16
0.1334 -1.51258 -4.87324e-17 -1.50056e-17
0.134403 -1.64219 -5.48024e-17 -5.94852e-16
0.135406 -1.78017 -4.88297e-17 -9.73961e-16
0.136409 -1.922 -1.85119e-17 -9.06905e-16
0.137412 -2.07117 1.60502e-17 -4.86739e-17
0.138415 -2.22339 4.84552e-17 2.28072e-16
0.139418 -2.3813 6.86313e-17 3.21929e-16
0.140421 -2.54115 8.02208e-17 4.33281e-16
0.141424 -2.70438 5.65755e-17 -5.48994e-17
0.142427 -2.86805 4.60025e-17 2.25801e-16
0.14343 -3.03208 2.27764e-17 -2.9113e-16
0.144433 -3.19471 3.57088e-17 -3.16375e-17
0.145436 -3.35397 1.45924e-17 -7.36553e-16
0.146439 -3.50961 1.94582e-18 -5.73904e-17
0.147442 -3.65746 6.36789e-18 2.82149e-16
0.148445 -3.79918 1.78436e-17 2.06588e-16
0.149448 -3.92809 1.7563e-17 1.23588e-15
0.150451 -4.04809 9.8015e-18 4.93748e-17
0.151454 -4.14982 2.49847e-17 1.70991e-15
0.152457 -4.23969 2.65454e-17 1.22755e-15
0.15346 -4.30555 2.72034e-17 8.02813e-16
0.154463 -4.35659 8.23091e-17 -8.54382e-16
0.155466 -4.37785 1.24546e-16 -8.44889e-16
0.156469 -4.38144 1.70085e-16 -1.632e-15
0.157472 -4.34974 2.13806e-16 -1.3853e-15
0.158475 -4.29782 2.36611e-16 -5.8507e-16
0.159478 -4.2057 2.2646e-16 4.90412e-16
0.160481 -4.09124 2.20066e-16 2.89785e-16
0.161484 -3.93262 1.52064e-16 -1.51132e-15
0.162487 -3.7502 1.29214e-16 -2.61136e-15
0.16349 -3.52094 1.49669e-17 -2.30104e-15
0.164493 -3.26721 1.04903e-16 2.06922e-15
0.165496 -2.96558 2.11146e-16 1.03244e-15
0.166499 -2.63974 2.37002e-16 -2.07324e-15
0.167503 -2.26682 1.15182e-16 5.16701e-15
0.168506 -1.87102 1.37726e-16 -6.70467e-16
0.169509 -1.43102 2.43945e-16 2.22289e-15
0.170512 -0.970554 2.13423e-16 8.02149e-16
0.171515 -0.470941 3.22193e-16 -2.00023e-15
0.172518 0.0455999 3.39556e-16 -1.19663e-15
0.173521 0.594104 3.24289e-16 -1.69469e-16
0.174524 1.15496 5.01295e-16 3.16529e-15
0.175527 1.7386 3.49916e-16 1.46532e-15
0.17653 2.32911 5.19821e-16 -1.9384e-15
0.177533 2.9315 5.45754e-16 1.47201e-15
0.178536 3.53458 6.94507e-16 -5.17898e-15
0.179539 4.1373 9.74402e-16 6.41838e-16
0.180542 4.73406 1.01012e-15 1.63271e-15
0.181545 5.31743 9.52175e-16 1.35616e-15
0.182548 5.88803 8.20973e-16 -3.98731e-15
0.183551 6.43196 8.51426e-16 3.93447e-15
0.184554 6.95648 7.21479e-16 -7.67094e-15
0.185557 7.44145 9.5975e-16 8.38893e-15
0.18656 7.90086 8.27056e-16 9.25831e-15
0.187563 8.30888 7.12843e-16 -3.2195e-15
0.188566 8.68601 7.49371e-16 -9.49291e-16
0.189569 9.00157 9.35621e-16 2.62492e-15
0.190572 9.28199 9.09266e-16 1.03279e-15
0.191575 9.49287 1.08465e-15 8.21177e-15
0.192578 9.66568 9.0607e-16 -1.74263e-15
0.193581 9.7636 1.13737e-15 -8.45325e-15
0.194584 9.822 1.02704e-15 -1.04797e-14
0.195587 9.80309 1.17649e-15 2.83983e-16
0.19659 9.74479 9.91844e-16 1.53052e-15
0.197593 9.6098 1.0003e-15 3.80968e-16
0.198596 9.4371 6.51565e-16 3.55182e-15
0.199599 9.19135 6.5539e-16 1.3567e-15
0.200602 8.91104 6.6353e-16 7.46663e-17
0.201605 8.56414 9.05375e-16 8.36285e-15
0.202608 8.18713 1.09167e-15 3.66509e-15
0.203611 7.75245 9.61115e-16 6.31548e-15
0.204614 7.29315 1.18755e-15 -4.08004e-15
0.205617 6.7871 1.24834e-15 -4.23413e-15
0.20662 6.26268 1.46756e-15 -9.04754e-15
0.207623 5.70385 1.17975e-15 -1.9355e-14
0.208626 5.13334 1.11801e-15 -1.39873e-14
0.209629 4.54153 1.33588e-15 -2.1778e-15
0.210632 3.94485 1.45511e-15 3.17848e-15
0.211635 3.34012 1.43113e-15 2.16736e-14
0.212638 2.73712 1.19108e-15 1.61345e-14
0.213641 2.13885 9.99463e-16 1.04575e-15
0.214644 1.54838 9.32511e-16 -6.81656e-15
0.215647 0.974404 9.87128e-16 -1.00434e-14
0.21665 0.413577 1.29939e-15 -3.46005e-15
0.217653 -0.120521 1.50816e-15 6.66372e-15
0.218656 -0.637052 1.52354e-15 9.04701e-15
0.219659 -1.11846 1.57432e-15 3.9228e-15
0.220662 -1.57893 1.3732e-15 5.93193e-16
0.221665 -1.99795 1.45222e-15 3.92187e-17
0.222668 -2.39379 1.22133e-15 6.83764e-15
0.223671 -2.74402 1.28857e-15 1.69498e-15
0.224674 -3.06991 9.899e-16 1.05272e-16
0.225677 -3.34817 9.51445e-16 -7.96789e-15
0.22668 -3.60198 8.91044e-16 -1.17086e-14
0.227683 -3.80813 5.86284e-16 -2.48906e-15
0.228686 -3.99065 7.06455e-16 6.67721e-15
0.229689 -4.12726 7.93935e-16 1.5724e-14
0.230692 -4.24182 7.71404e-16 1.58602e-14
0.231695 -4.31371 7.14534e-16 8.04718e-15
0.232698 -4.36575 5.50846e-16 2.22191e-15
0.233701 -4.3795 2.96168e-16 -7.81343e-15
0.234704 -4.37602 1.41347e-16 -1.20814e-14
0.235707 -4.33944 -1.73187e-17 -1.24004e-14
0.23671 -4.28851 -2.41963e-17 -7.39085e-15
0.237713 -4.21013 1.09375e-16 -6.3886e-16
0.238716 -4.12036 2.32726e-16 4.71008e-15
0.239719 -4.00893 1.61675e-16 4.82957e-15
0.240722 -3.88904 2.26839e-17 1.97775e-15
0.241725 -3.75314 -1.06016e-16 4.88113e-16
0.242728 -3.61152 -2.53233e-16 -3.5245e-15
0.243731 -3.45921 -3.56612e-16 -3.02525e-15
0.244734 -3.30365 -2.86615e-16 1.30289e-15
0.245737 -3.14217 -1.0357e-16 6.0321e-15
0.24674 -2.97962 9.08931e-17 9.39462e-15
0.247743 -2.81528 2.57647e-16 1.23349e-14
0.248746 -2.65167 3.1675e-16 1.10728e-14
0.249749 -2.48972 2.29539e-16 7.21588e-15
0.250752 -2.32991 2.15817e-17 7.47358e-16
0.251755 -2.17449 -2.78438e-16 -6.2173e-15
0.252758 -2.02229 -5.18421e-16 -1.04616e-14
0.253761 -1.87652 -6.54058e-16 -9.90753e-15
0.254764 -1.73469 -6.69692e-16 -6.04019e-15
0.255767 -1.60069 -6.23945e-16 -1.39037e-15
0.25677 -1.47108 -6.25673e-16 1.1066e-15
0.257773 -1.3501 -7.23151e-16 -1.10941e-16
0.258776 -1.23372 -9.57671e-16 -3.6786e-15
0.259779 -1.12632 -1.27468e-15 -7.61117e-15
0.260782 -1.0235 -1.53325e-15 -8.39518e-15
0.261785 -0.929612 -1.66478e-15 -5.54209e-15
0.262788 -0.840138 -1.62334e-15 -3.46919e-16
0.263791 -0.759247 -1.46743e-15 4.41141e-15
0.264794 -0.682489 -1.33247e-15 5.07579e-15
0.265797 -0.613749 -1.2759e-15 1.70037e-15
0.2668 -0.548785 -1.35045e-15 -2.19117e-15
0.267803 -0.491134 -1.49375e-15 -4.26491e-15
0.268806 -0.436859 -1.64443e-15 -2.18768e-15
0.269809 -0.389114 -1.79753e-15 2.9136e-15
0.270812 -0.344331 -1.9644e-15 8.02243e-15
0.271815 -0.305269 -2.14486e-15 1.04967e-14
0.272818 -0.268758 -2.29258e-15 8.35659e-15
0.273821 -0.237175 -2.35378e-15 2.45104e-15
0.274824 -0.207755 -2.24738e-15 -4.4013e-15
0.275827 -0.182509 -1.98962e-15 -1.03981e-14
0.27683 -0.159071 -1.66096e-15 -1.16165e-14
0.277834 -0.139115 -1.34819e-15 -7.8261e-15
0.278837 -0.120648 -1.20447e-15 -1.43994e-15
0.27984 -0.105046 -1.26595e-15 5.55649e-15
0.280843 -0.0906515 -1.54979e-15 9.55039e-15
0.281846 -0.0785832 -1.98766e-15 1.03473e-14
0.282849 -0.067483 -2.40126e-15 8.71393e-15
0.283852 -0.0582458 -2.69024e-15 6.1365e-15
0.284855 -0.0497747 -2.73477e-15 3.70059e-15
0.285858 -0.0427772 -2.52374e-15 1.92372e-15
0.286861 -0.0363786 -2.16074e-15 -8.08161e-16
0.287864 -0.0311315 -1.72841e-15 -4.21475e-15
0.288867 -0.0263471 -1.34892e-15 -7.22931e-15
0.28987 -0.022452 -1.04169e-15 -8.31564e-15
0.290873 -0.0189102 -7.98953e-16 -6.28893e-15
0.291876 -0.0160472 -6.1215e-16 -1.66037e-15
0.292879 -0.013451 -4.9509e-16 2.91222e-15
0.293882 -0.0113673 -4.64871e-16 6.4743e-15
0.294885 -0.00948272 -5.27224e-16 7.4274e-15
0.295888 -0.00798078 -6.85671e-16 5.9459e-15
0.296891 -0.00662597 -8.82883e-16 2.79228e-15
0.297894 -0.00555375 -1.09644e-15 -2.15153e-15
0.298897 -0.00458905 -1.2697e-15 -6.91088e-15
0.2999 -0.00383086 -1.39e-15 -1.0821e-14
0.300903 -0.00315043 -1.41602e-15 -1.22955e-14
0.301906 -0.00261934 -1.33722e-15 -9.58344e-15
0.302909 -0.00214391 -1.17758e-15 -4.35899e-15
0.303912 -0.00177537 -9.68422e-16 1.99447e-15
0.304915 -0.00144626 -7.92943e-16 6.14074e-15
0.305918 -0.00119289 -6.9962e-16 6.59008e-15
0.306921 -0.000967177 -7.06501e-16 3.78679e-15
0.307924 -0.000794587 -7.83358e-16 -4.96775e-16
0.308927 -0.000641204 -8.48907e-16 -4.31612e-15
0.30993 -0.000524716 -8.38249e-16 -6.06058e-15
0.310933 -0.000421435 -7.13768e-16 -5.56875e-15
0.311936 -0.000343527 -4.82274e-16 -3.06732e-15
0.312939 -0.000274612 -1.95527e-16 5.96516e-16
0.313942 -0.000222979 8.32243e-17 3.85313e-15
0.314945 -0.000177409 2.51451e-16 5.7904e-15
0.315948 -0.000143496 2.77632e-16 5.99039e-15
0.316951 -0.000113634 1.25196e-16 4.88587e-15
0.317954 -9.15595e-05 -1.88736e-16 3.1493e-15
0.318957 -7.2165e-05 -5.78678e-16 1.40856e-15
0.31996 -5.79245e-05 -9.80277e-16 1.88406e-16
0.320963 -4.54402e-05 -1.25674e-15 -4.64778e-16
0.321966 -3.63349e-05 -1.37307e-15 -8.19658e-16
0.322969 -2.83699e-05 -1.28098e-15 -1.09591e-15
0.323972 -2.25995e-05 -1.01445e-15 -1.38908e-15
0.324975 -1.75626e-05 -6.29025e-16 -8.24575e-16
0.325978 -1.39378e-05 -1.71591e-16 -4.60709e-16
0.326981 -1.07805e-05 2.79114e-16 -5.1201e-16
0.327984 -8.52354e-06 6.92823e-16 -1.31251e-15
0.328987 -6.5617e-06 1.0423e-15 -2.46139e-15
0.32999 -5.16869e-06 1.2928e-15 -3.10349e-15
0.330993 -3.96031e-06 1.4214e-15 -2.35056e-15
0.331996 -3.10802e-06 1.41125e-15 -3.00461e-16
0.332999 -2.37019e-06 1.26894e-15 1.73511e-15
0.334002 -1.85326e-06 1.02404e-15 3.04261e-15
0.335005 -1.40665e-06 7.42173e-16 2.53932e-15
0.336008 -1.09583e-06 4.57985e-16 4.13531e-17
0.337011 -8.2783e-07 2.22862e-16 -2.85303e-15
0.338014 -6.42558e-07 3.89522e-17 -5.24549e-15
0.339017 -4.83122e-07 -1.09237e-16 -5.99818e-15
0.34002 -3.73636e-07 -2.36683e-16 -5.43106e-15
0.341023 -2.796e-07 -3.7162e-16 -4.20463e-15
0.342026 -2.15456e-07 -5.1473e-16 -3.0563e-15
0.343029 -1.60468e-07 -6.42477e-16 -1.63589e-15
0.344032 -1.2321e-07 -7.37355e-16 -4.06741e-16
0.345035 -9.13305e-08 -7.57714e-16 9.29199e-16
0.346038 -6.9874e-08 -7.1138e-16 2.3263e-15
0.347041 -5.15493e-08 -5.9886e-16 3.81373e-15
0.348044 -3.92983e-08 -4.45067e-16 5.44164e-15
0.349047 -2.88547e-08 -2.9278e-16 7.15028e-15
0.35005 -2.19192e-08 -1.46346e-16 9.0295e-15
0.351053 -1.60177e-08 -4.2569e-17 9.26842e-15
0.352056 -1.21248e-08 9.90527e-18 7.20138e-15
0.353059 -8.81809e-09 1.74651e-17 2.79607e-15
0.354062 -6.65146e-09 2.22392e-18 -2.59209e-15
0.355065 -4.8144e-09 -5.83949e-18 -7.14446e-15
0.356068 -3.61881e-09 9.82972e-19 -9.17521e-15
0.357071 -2.60687e-09 3.47779e-17 -9.16429e-15
0.358074 -1.95272e-09 7.98415e-17 -7.26653e-15
0.359077 -1.39997e-09 1.24245e-16 -5.25831e-15
0.36008 -1.04504e-09 1.59961e-16 -3.8443e-15
0.361083 -7.45617e-10 1.73483e-16 -3.49153e-15
0.362086 -5.54635e-10 1.80686e-16 -3.37435e-15
0.363089 -3.93816e-10 1.69831e-16 -2.48462e-15
0.364092 -2.91954e-10 1.46058e-16 -3.38599e-16
0.365095 -2.0634e-10 9.76789e-17 2.01799e-15
0.366098 -1.52497e-10 1.02889e-17 3.99699e-15
0.367101 -1.07309e-10 -9.24335e-17 5.1573e-15
0.368104 -7.90742e-11 -2.07277e-16 5.48765e-15
0.369107 -5.54053e-11 -3.37764e-16 5.55619e-15
0.37011 -4.07124e-11 -4.77273e-16 5.20923e-15
0.371113 -2.84312e-11 -6.27459e-16 4.90862e-15
0.372116 -2.08906e-11 -7.98734e-16 3.77781e-15
0.373119 -1.46466e-11 -9.87471e-16 2.28511e-15
0.374122 -1.09174e-11 -1.21346e-15 2.5198e-16
0.375125 -7.90884e-12 -1.45723e-15 -1.17232e-15
0.376128 -6.25324e-12 -1.69316e-15 -1.39305e-15
0.377131 -5.03489e-12 -1.87714e-15 3.08284e-16
0.378134 -4.59478e-12 -1.97731e-15 2.97017e-15
0.379137 -4.51527e-12 -1.9705e-15 4.78349e-15
0.38014 -5.0119e-12 -1.84361e-15 5.27849e-15
0.381143 -5.97456e-12 -1.62384e-15 3.39334e-15
0.382146 -7.57894e-12 -1.31506e-15 2.94973e-16
0.383149 -9.93012e-12 -9.69664e-16 -3.30552e-15
0.384152 -1.32256e-11 -6.29087e-16 -6.44441e-15
0.385155 -1.78005e-11 -3.66333e-16 -7.81756e-15
0.386158 -2.39586e-11 -2.21179e-16 -8.21368e-15
0.387161 -3.23938e-11 -2.1724e-16 -6.92689e-15
0.388164 -4.36314e-11 -3.56128e-16 -4.69927e-15
0.389168 -5.91037e-11 -5.9718e-16 -2.06898e-15
0.390171 -7.92129e-11 -8.94164e-16 6.78991e-17
0.391174 -1.06773e-10 -1.17162e-15 1.59905e-15
0.392177 -1.4329e-10 -1.4028e-15 2.21533e-15
0.39318 -1.92637e-10 -1.54417e-15 1.56957e-15
0.394183 -2.57581e-10 -1.59893e-15 2.26194e-16
0.395186 -3.45079e-10 -1.61158e-15 -9.62718e-16
0.396189 -4.59971e-10 -1.61169e-15 -3.19238e-15
0.397192 -6.14304e-10 -1.66067e-15 -5.3074e-15
0.398195 -8.16384e-10 -1.75678e-15 -6.9233e-15
0.399198 -1.08685e-09 -1.87781e-15 -7.32628e-15
0.400201 -1.4399e-09 -1.97975e-15 -6.10644e-15
0.401204 -1.91076e-09 -1.99948e-15 -3.69412e-15
0.402207 -2.52358e-09 -1.91697e-15 -7.3816e-16
0.40321 -3.33802e-09 -1.74371e-15 2.54561e-15
0.404213 -4.39486e-09 -1.51957e-15 5.26547e-15
0.405216 -5.79453e-09 -1.33671e-15 7.05453e-15
0.406219 -7.60535e-09 -1.23929e-15 7.88829e-15
0.407222 -9.99518e-09 -1.27718e-15 7.27953e-15
0.408225 -1.30778e-08 -1.44875e-15 4.9187e-15
0.409228 -1.71317e-08 -1.69095e-15 2.17611e-15
0.410231 -2.23449e-08 -1.95954e-15 -2.97332e-16
0.411234 -2.91767e-08 -2.16429e-15 -1.54926e-15
0.412237 -3.79355e-08 -2.28819e-15 -1.74436e-15
0.41324 -4.93728e-08 -2.29184e-15 -9.10182e-16
0.414243 -6.39918e-08 -2.19096e-15 6.79286e-16
0.415246 -8.30135e-08 -2.00902e-15 1.59474e-15
0.416249 -1.07252e-07 -1.78721e-15 1.61396e-15
0.417252 -1.38679e-07 -1.5758e-15 7.81327e-16
0.418255 -1.78601e-07 -1.39291e-15 -1.62708e-15
0.419258 -2.30177e-07 -1.26971e-15 -4.36989e-15
0.420261 -2.95494e-07 -1.19374e-15 -6.92478e-15
0.421264 -3.79572e-07 -1.15502e-15 -7.90322e-15
0.422267 -4.85721e-07 -1.16054e-15 -7.68444e-15
0.42327 -6.21869e-07 -1.21221e-15 -6.66021e-15
0.424273 -7.93217e-07 -1.31706e-15 -5.0638e-15
0.425276 -1.0122e-06 -1.44192e-15 -3.5692e-15
0.426279 -1.28692e-06 -1.57627e-15 -2.555e-15
0.427282 -1.63675e-06 -1.69279e-15 -2.77953e-15
0.428285 -2.07424e-06 -1.75985e-15 -3.72417e-15
0.429288 -2.62929e-06 -1.75173e-15 -4.65389e-15
0.430291 -3.32124e-06 -1.6482e-15 -4.96666e-15
0.431294 -4.1959e-06 -1.46526e-15 -3.20088e-15
0.432297 -5.28281e-06 -1.20722e-15 -8.40735e-17
0.4333 -6.65167e-06 -9.28278e-16 3.1844e-15
0.434303 -8.34722e-06 -6.53962e-16 6.81269e-15
0.435306 -1.04747e-05 -4.21495e-16 8.52255e-15
0.436309 -1.31014e-05 -2.51243e-16 8.95248e-15
0.437312 -1.63851e-05 -1.37206e-16 7.5925e-15
0.438315 -2.04261e-05 -8.28976e-17 5.19143e-15
0.439318 -2.54589e-05 -9.32248e-17 1.89794e-15
0.440321 -3.1632e-05 -1.70323e-16 -1.66746e-15
0.441324 -3.92915e-05 -2.86031e-16 -4.54526e-15
0.442327 -4.86554e-05 -4.12704e-16 -5.58024e-15
0.44333 -6.02301e-05 -4.91339e-16 -4.56513e-15
0.444333 -7.43335e-05 -4.98339e-16 -1.57326e-15
0.445336 -9.17007e-05 -4.17991e-16 2.31689e-15
0.446339 -0.000112791 -2.62598e-16 6.50595e-15
0.447342 -0.000138663 -6.02649e-17 1.00523e-14
0.448345 -0.000169975 1.69901e-16 1.25282e-14
0.449348 -0.000208239 3.91126e-16 1.30625e-14
0.450351 -0.00025439 5.94052e-16 1.15341e-14
0.451354 -0.000310572 7.72258e-16 8.48627e-15
0.452357 -0.000378101 9.25201e-16 4.65043e-15
0.45336 -0.000459987 1.06769e-15 1.62901e-15
0.454363 -0.000558072 1.21361e-15 5.14357e-16
0.455366 -0.000676544 1.36784e-15 9.06038e-16
0.456369 -0.000817956 1.553e-15 3.21779e-15
0.457372 -0.000988089 1.77891e-15 6.81495e-15
0.458375 -0.00119045 2.05299e-15 1.1139e-14
0.459378 -0.00143294 2.3949e-15 1.42446e-14
0.460381 -0.00172033 2.80655e-15 1.56963e-14
0.461384 -0.00206335 3.28015e-15 1.48468e-14
0.462387 -0.00246842 3.79895e-15 1.24011e-14
0.46339 -0.00294993 4.35414e-15 9.13146e-15
0.464393 -0.00351647 4.93087e-15 6.24525e-15
0.465396 -0.0041872 5.49614e-15 5.02184e-15
0.466399 -0.00497347 6.03814e-15 4.4327e-15
0.467402 -0.0059005 6.54026e-15 5.23066e-15
0.468405 -0.00698315 7.00481e-15 7.4304e-15
0.469408 -0.00825435 7.42713e-15 1.01016e-14
0.470411 -0.00973334 7.80625e-15 1.30652e-14
0.471414 -0.0114626 8.15251e-15 1.55025e-14
0.472417 -0.0134669 8.4705e-15 1.71497e-14
0.47342 -0.0158003 8.79698e-15 1.59655e-14
0.474423 -0.0184943 9.1345e-15 1.29599e-14
0.475426 -0.0216174 9.51074e-15 9.02821e-15
0.476429 -0.0252088 9.91639e-15 5.02679e-15
0.477432 -0.0293541 1.03239e-14 2.24324e-15
0.478435 -0.034102 1.07062e-14 7.73443e-16
0.479438 -0.0395579 1.10327e-14 1.74227e-15
0.480441 -0.0457815 1.1295e-14 3.91085e-15
0.481444 -0.0529012 1.1525e-14 6.44632e-15
0.482447 -0.060989 1.17397e-14 9.02638e-15
0.48345 -0.0701992 1.19706e-14 1.02109e-14
0.484453 -0.0806176 1.22211e-14 1.0868e-14
0.485456 -0.092427 1.24841e-14 1.01258e-14
0.486459 -0.105728 1.27404e-14 8.95015e-15
0.487462 -0.120733 1.29295e-14 7.5322e-15
0.488465 -0.137559 1.30254e-14 5.9242e-15
0.489468 -0.15645 1.29896e-14 2.95632e-15
0.490471 -0.177538 1.28196e-14 -6.17622e-16
0.491474 -0.201096 1.25688e-14 -3.63448e-15
0.492477 -0.227272 1.22688e-14 -5.48743e-15
0.49348 -0.256367 1.19873e-14 -5.59616e-15
0.494483 -0.288541 1.17419e-14 -4.10146e-15
0.495486 -0.324117 1.15611e-14 -1.94236e-15
0.496489 -0.363263 1.14291e-14 3.57214e-16
0.497492 -0.406318 1.13442e-14 1.49635e-15
0.498495 -0.453451 1.12571e-14 1.57277e-15
0.499498 -0.505003 1.11446e-14 -4.43557e-17
0.500502 -0.56114 1.09781e-14 -2.20526e-15
0.501505 -0.622186 1.07356e-14 -4.15169e-15
0.502508 -0.688294 1.04059e-14 -6.49118e-15
0.503511 -0.759752 9.99116e-15 -7.72563e-15
0.504514 -0.836686 9.50344e-15 -8.88844e-15
0.505517 -0.919322 8.97688e-15 -1.03378e-14
0.50652 -1.00775 8.41391e-15 -1.09847e-14
0.507523 -1.10209 7.85396e-15 -1.09995e-14
0.508526 -1.20239 7.30266e-15 -1.02126e-14
0.509529 -1.30864 6.76432e-15 -7.55768e-15
0.510532 -1.42081 6.23074e-15 -4.14874e-15
0.511535 -1.53873 5.67181e-15 -1.20976e-15
0.512538 -1.66227 5.07574e-15 7.07373e-16
0.513541 -1.79107 4.4533e-15 1.19086e-15
0.514544 -1.92489 3.81465e-15 -5.15661e-16
0.515547 -2.06312 3.20635e-15 -2.94049e-15
0.51655 -2.2054 2.62441e-15 -5.38831e-15
0.517553 -2.35085 2.08672e-15 -7.65947e-15
0.518556 -2.49896 1.59459e-15 -8.04405e-15
0.519559 -2.64858 1.17333e-15 -6.9345e-15
0.520562 -2.79902 7.23021e-16 -5.12588e-15
0.521565 -2.94884 2.9219e-16 -3.81783e-15
0.522568 -3.09719 -1.96042e-16 -2.51722e-15
0.523571 -3.24231 -7.30119e-16 -5.02096e-15
0.524574 -3.38323 -1.29894e-15 -7.34329e-15
0.525577 -3.51789 -1.91222e-15 -1.04339e-14
0.52658 -3.64517 -2.4233e-15 -1.25007e-14
0.527583 -3.76277 -2.94074e-15 -1.3236e-14
0.528586 -3.86946 -3.40693e-15 -1.18461e-14
0.529589 -3.96275 -3.75091e-15 -1.15858e-14
0.530592 -4.04135 -4.06523e-15 -1.11081e-14
0.531595 -4.10265 -4.38177e-15 -1.03575e-14
0.532598 -4.14535 -4.63732e-15 -8.85977e-15
0.533601 -4.16685 -5.00433e-15 -7.37662e-15
0.534604 -4.16588 -5.31282e-15 -9.94881e-15
0.535607 -4.13996 -5.56928e-15 -1.00672e-14
0.53661 -4.08794 -5.87073e-15 -1.18542e-14
0.537613 -4.00761 -5.93018e-15 -1.52989e-14
0.538616 -3.89802 -5.92644e-15 -1.67895e-14
0.539619 -3.75737 -5.87097e-15 -1.67781e-14
0.540622 -3.58497 -5.76537e-15 -1.21411e-14
0.541625 -3.37961 -5.65006e-15 -1.17083e-14
0.542628 -3.14093 -5.60342e-15 -1.60171e-14
0.543631 -2.86845 -5.51763e-15 -1.52946e-14
0.544634 -2.56219 -5.64046e-15 -1.30955e-14
0.545637 -2.22256 -5.64411e-15 -8.4953e-15
0.54664 -1.85001 -5.8265e-15 -3.50333e-15
0.547643 -1.44589 -5.6817e-15 -3.15694e-15
0.548646 -1.01116 -5.59122e-15 -2.31944e-15
0.549649 -0.548146 -5.37091e-15 -4.95292e-15
0.550652 -0.0583302 -5.16149e-15 -1.0271e-14
0.551655 0.454965 -4.88807e-15 -1.54672e-14
0.552658 0.989772 -4.57369e-15 -1.5789e-14
0.553661 1.54182 -4.44207e-15 -2.56845e-14
0.554664 2.10869 -4.42381e-15 -2.1872e-14
0.555667 2.68528 -4.50083e-15 -1.57726e-14
0.55667 3.26881 -4.80491e-15 -1.7237e-14
0.557673 3.85348 -4.99564e-15 -1.77977e-14
0.558676 4.43625 -5.59704e-15 -1.78946e-14
0.559679 5.0109 -5.91383e-15 -1.64049e-14
0.560682 5.57422 -6.26938e-15 -1.46945e-14
0.561685 6.1198 -7.02733e-15 -1.62012e-14
0.562688 6.64444 -7.36595e-15 -8.61382e-15
0.563691 7.14184 -7.88747e-15 2.18337e-16
0.564694 7.60895 -8.46805e-15 -3.17433e-15
0.565697 8.0399 -9.1787e-15 1.9055e-15
0.5667 8.43193 -9.79757e-15 3.93394e-15
0.567703 8.7799 -1.03246e-14 -1.92435e-15
0.568706 9.0815 -1.09541e-14 9.43661e-15
0.569709 9.33257 -1.16625e-14 3.17377e-15
0.570712 9.53141 -1.21661e-14 2.02872e-14
0.571715 9.67507 -1.28694e-14 1.43958e-14
0.572718 9.76253 -1.39017e-14 1.62398e-14
0.573721 9.79226 -1.48588e-14 1.85925e-14
0.574724 9.76396 -1.54924e-14 -3.81485e-15
0.575727 9.67762 -1.61169e-14 -1.79478e-14
0.57673 9.5337 -1.69832e-14 -3.10446e-14
0.577733 9.33371 -1.77061e-14 -2.425e-14
0.578736 9.07888 -1.8233e-14 -3.97074e-15
0.579739 8.77217 -1.85953e-14 9.39765e-15
0.580742 8.41549 -1.87491e-14 2.49313e-14
0.581745 8.01312 -1.92336e-14 3.16414e-14
0.582748 7.56756 -2.00666e-14 2.64824e-14
0.583751 7.08421 -2.0294e-14 1.97203e-14
0.584754 6.56602 -2.06034e-14 1.36093e-14
0.585757 6.0192 -2.1028e-14 5.75087e-15
0.58676 5.44703 -2.11329e-14 2.0433e-14
0.587763 4.85623 -2.14885e-14 1.45797e-14
0.588766 4.25023 -2.15682e-14 1.99629e-14
0.589769 3.63592 -2.23003e-14 7.3853e-15
0.590772 3.01671 -2.31593e-14 -7.77135e-15
0.591775 2.39933 -2.38565e-14 -1.77152e-14
0.592778 1.78702 -2.42724e-14 -2.37407e-14
0.593781 1.18606 -2.43866e-14 -7.97802e-15
0.594784 0.599362 -2.4345e-14 1.26385e-14
0.595787 0.0324615 -2.42052e-14 2.77376e-14
0.59679 -0.512152 -2.39516e-14 1.83223e-14
0.597793 -1.02988 -2.38966e-14 4.44239e-15
0.598796 -1.51877 -2.38709e-14 -1.39893e-14
0.599799 -1.97529 -2.37535e-14 -2.21318e-14
0.600802 -2.39806 -2.35934e-14 -2.0766e-14
0.601805 -2.78473 -2.3219e-14 -5.45577e-15
0.602808 -3.13449 -2.2695e-14 8.3892e-15
0.603811 -3.44615 -2.20417e-14 2.2939e-14
0.604814 -3.71949 -2.14687e-14 3.19481e-14
0.605817 -3.95443 -2.06367e-14 2.72604e-14
0.60682 -4.15126 -1.98006e-14 1.88844e-14
0.607823 -4.3109 -1.87038e-14 1.0053e-14
0.608826 -4.43409 -1.73485e-14 1.17766e-16
0.609829 -4.5226 -1.60589e-14 -6.6065e-15
0.610832 -4.57754 -1.4662e-14 -1.33798e-14
0.611836 -4.60132 -1.36886e-14 -2.54526e-14
0.612839 -4.59534 -1.30029e-14 -3.21126e-14
0.613842 -4.56248 -1.25487e-14 -3.42043e-14
0.614845 -4.50429 -1.2279e-14 -2.82281e-14
0.615848 -4.42393 -1.1915e-14 -1.81054e-14
0.616851 -4.32302 -1.13812e-14 -4.38591e-15
0.617854 -4.2048 -1.05857e-14 4.7206e-15
0.618857 -4.07089 -9.54555e-15 9.15345e-15
0.61986 -3.92445 -8.22204e-15 9.77527e-15
0.620863 -3.76701 -6.60097e-15 1.15978e-14
0.621866 -3.60153 -4.78019e-15 1.21802e-14
0.622869 -3.42939 -2.86547e-15 1.25957e-14
0.623872 -3.25325 -1.01429e-15 9.94901e-15
0.624875 -3.0743 7.07025e-16 7.06539e-15
0.625878 -2.8948 2.17003e-15 3.58368e-15
0.626881 -2.71577 3.44102e-15 -1.2225e-15
0.627884 -2.53905 4.56144e-15 -4.2014e-15
0.628887 -2.36543 5.5998e-15 -4.12965e-15
0.62989 -2.19634 6.59187e-15 -3.16091e-15
0.630893 -2.03236 7.56896e-15 2.60098e-16
0.631896 -1.8745 8.51963e-15 4.95605e-15
0.632899 -1.72315 9.41635e-15 1.01798e-14
0.633902 -1.57898 1.0245e-14 1.45562e-14
0.634905 -1.44218 1.1003e-14 1.8759e-14
0.635908 -1.31309 1.17226e-14 2.29829e-14
0.636911 -1.19178 1.24492e-14 2.62683e-14
0.637914 -1.0783 1.3201e-14 2.70117e-14
0.638917 -0.972622 1.39945e-14 2.45193e-14
0.63992 -0.874578 1.49012e-14 1.92358e-14
0.640923 -0.784041 1.59546e-14 1.12139e-14
0.641926 -0.700702 1.71884e-14 2.47218e-15
0.642929 -0.624369 1.85864e-14 -5.12947e-15
0.643932 -0.554627 2.00596e-14 -9.85678e-15
0.644935 -0.491248 2.15213e-14 -1.04712e-14
0.645938 -0.433757 2.28317e-14 -5.17632e-15
0.646941 -0.381906 2.39153e-14 4.42417e-15
0.647944 -0.3352 2.47128e-14 1.47979e-14
0.648947 -0.293387 2.52325e-14 2.33086e-14
0.64995 -0.255977 2.55237e-14 2.60243e-14
0.650953 -0.222729 2.5623e-14 2.20373e-14
0.651956 -0.193178 2.55951e-14 1.41519e-14
0.652959 -0.167102 2.54531e-14 4.73655e-15
0.653962 -0.144076 2.52608e-14 -3.48059e-16
0.654965 -0.123899 2.50249e-14 -1.20996e-15
0.655968 -0.106196 2.47986e-14 2.37964e-15
0.656971 -0.0907913 2.46009e-14 8.63379e-15
0.657974 -0.0773592 2.44771e-14 1.38152e-14
0.658977 -0.0657521 2.44568e-14 1.6947e-14
0.65998 -0.0556937 2.45464e-14 1.77764e-14
0.660983 -0.0470613 2.47443e-14 1.65932e-14
0.661986 -0.0396265 2.49894e-14 1.44868e-14
0.662989 -0.0332891 2.52279e-14 1.17403e-14
0.663992 -0.027864 2.53762e-14 8.32555e-15
0.664995 -0.023271 2.54063e-14 3.48751e-15
0.665998 -0.0193628 2.52998e-14 -6.38259e-16
0.667001 -0.0160765 2.50792e-14 -3.14232e-15
0.668004 -0.0132969 2.47817e-14 -2.23925e-15
0.669007 -0.0109753 2.44083e-14 1.52384e-15
0.67001 -0.00902336 2.39236e-14 5.2553e-15
0.671013 -0.0074041 2.33243e-14 8.00299e-15
0.672016 -0.00605074 2.25841e-14 7.6727e-15
0.673019 -0.00493562 2.17344e-14 4.95366e-15
0.674022 -0.00400912 2.08454e-14 1.05413e-15
0.675025 -0.00325089 1.9957e-14 -1.51618e-15
0.676028 -0.00262462 1.91266e-14 -1.83036e-15
0.677031 -0.00211558 1.83585e-14 2.25814e-16
0.678034 -0.0016976 1.76153e-14 3.64153e-15
0.679037 -0.00136018 1.68735e-14 6.93792e-15
0.68004 -0.00108475 1.60374e-14 7.5219e-15
0.681043 -0.000863932 1.51028e-14 5.38415e-15
0.682046 -0.000684737 1.40614e-14 1.88546e-15
0.683049 -0.000542058 1.29598e-14 -1.13663e-15
0.684052 -0.000426955 1.19084e-14 -1.11899e-15
0.685055 -0.000335942 1.096e-14 1.19414e-15
0.686058 -0.000262951 1.02046e-14 3.35381e-15
0.687061 -0.000205638 9.6553e-15 4.07867e-15
0.688064 -0.000159944 9.32405e-15 2.58894e-15
0.689067 -0.000124316 9.177e-15 8.28971e-17
0.69007 -9.60787e-05 9.06265e-15 -2.17024e-15
0.691073 -7.4217e-05 8.89547e-15 -4.02489e-15
0.692076 -5.69921e-05 8.47434e-15 -4.6849e-15
0.693079 -4.37513e-05 7.75831e-15 -4.13163e-15
0.694082 -3.33805e-05 6.70786e-15 -3.07846e-15
0.695085 -2.54656e-05 5.35705e-15 -2.08025e-15
0.696088 -1.93029e-05 3.83485e-15 -2.08225e-15
0.697091 -1.46335e-05 2.22751e-15 -2.90789e-15
0.698094 -1.10195e-05 7.00184e-16 -3.60881e-15
0.699097 -8.30115e-06 -6.73843e-16 -3.6935e-15
0.7001 -6.2097e-06 -1.79032e-15 -2.83275e-15
0.701103 -4.64813e-06 -2.62964e-15 -1.29316e-15
0.702106 -3.45385e-06 -3.19246e-15 -9.24439e-16
0.703109 -2.56877e-06 -3.50857e-15 -1.5983e-15
0.704112 -1.89591e-06 -3.66325e-15 -3.50449e-15
0.705115 -1.40098e-06 -3.70348e-15 -5.92618e-15
0.706118 -1.02699e-06 -3.74537e-15 -7.54594e-15
0.707121 -7.53977e-07 -3.82928e-15 -8.66775e-15
0.708124 -5.48917e-07 -4.02049e-15 -8.72973e-15
0.709127 -4.00361e-07 -4.33286e-15 -8.90773e-15
0.71013 -2.89458e-07 -4.77577e-15 -8.57124e-15
0.711133 -2.09733e-07 -5.33951e-15 -8.87615e-15
0.712136 -1.50577e-07 -5.99818e-15 -9.30413e-15
0.713139 -1.08382e-07 -6.73514e-15 -9.66311e-15
0.714142 -7.72634e-08 -7.50719e-15 -9.64288e-15
0.715145 -5.52417e-08 -8.3036e-15 -9.49457e-15
0.716148 -3.91004e-08 -9.07063e-15 -9.13597e-15
0.717151 -2.77683e-08 -9.77147e-15 -9.27888e-15
0.718154 -1.95133e-08 -1.03204e-14 -8.67482e-15
0.719157 -1.37643e-08 -1.0679e-14 -7.7113e-15
0.72016 -9.60219e-09 -1.08282e-14 -6.34751e-15
0.721163 -6.72709e-09 -1.07932e-14 -5.54365e-15
0.722166 -4.65851e-09 -1.06443e-14 -5.73268e-15
0.72317 -3.24128e-09 -1.04393e-14 -7.01354e-15
0.724173 -2.22795e-09 -1.02521e-14 -9.74581e-15
0.725176 -1.53944e-09 -1.01185e-14 -1.2496e-14
0.726179 -1.05024e-09 -1.00733e-14 -1.52119e-14
0.727182 -7.20633e-10 -1.01039e-14 -1.67163e-14
0.728185 -4.87906e-10 -1.01811e-14 -1.70057e-14
0.729188 -3.32436e-10 -1.02802e-14 -1.56415e-14
0.730191 -2.23352e-10 -1.03814e-14 -1.33242e-14
0.731194 -1.51106e-10 -1.04702e-14 -1.08045e-14
0.732197 -1.00738e-10 -1.05297e-14 -8.05088e-15
0.7332 -6.76702e-11 -1.05497e-14 -5.70806e-15
0.734203 -4.47646e-11 -1.05264e-14 -3.45173e-15
0.735206 -2.98607e-11 -1.04584e-14 -2.19403e-15
0.736209 -1.9604e-11 -1.03686e-14 -2.17356e-15
0.737212 -1.29902e-11 -1.02622e-14 -2.82021e-15
0.738215 -8.46729e-12 -1.01629e-14 -4.7359e-15
0.739218 -5.57596e-12 -1.007e-14 -7.16779e-15
0.740221 -3.61054e-12 -9.95915e-15 -9.55927e-15
0.741224 -2.36517e-12 -9.8209e-15 -1.1221e-14
0.742227 -1.52504e-12 -9.6191e-15 -1.08122e-14
0.74323 -9.99303e-13 -9.36127e-15 -8.5236e-15
0.744233 -6.49062e-13 -9.05517e-15 -5.70814e-15
0.745236 -4.3417e-13 -8.72673e-15 -2.93918e-15
0.746239 -2.93317e-13 -8.41082e-15 -1.45868e-15
0.747242 -2.09107e-13 -8.11108e-15 -1.27805e-15
0.748245 -1.56088e-13 -7.83589e-15 -1.42288e-15
0.749248 -1.28153e-13 -7.57493e-15 -1.97148e-15
0.750251 -1.17581e-13 -7.32762e-15 -2.27238e-15
0.751254 -1.23378e-13 -7.09484e-15 -3.58976e-15
0.752257 -1.44552e-13 -6.85923e-15 -5.11014e-15
0.75326 -1.81017e-13 -6.61275e-15 -6.52389e-15
0.754263 -2.32522e-13 -6.3562e-15 -7.00706e-15
0.755266 -2.99228e-13 -6.08156e-15 -6.52505e-15
0.756269 -3.83403e-13 -5.80954e-15 -5.47616e-15
0.757272 -4.88457e-13 -5.53646e-15 -3.85478e-15
0.758275 -6.25546e-13 -5.27432e-15 -2.27169e-15
0.759278 -8.03947e-13 -5.02518e-15 -1.11111e-15
0.760281 -1.04613e-12 -4.78105e-15 -5.89188e-16
0.761284 -1.36609e-12 -4.53688e-15 -4.57596e-16
0.762287 -1.7941e-12 -4.27155e-15 -1.45042e-15
0.76329 -2.34751e-12 -3.9801e-15 -2.24062e-15
0.764293 -3.06678e-12 -3.65914e-15 -2.4548e-15
0.765296 -3.97897e-12 -3.30765e-15 -1.79848e-15
0.766299 -5.15397e-12 -2.96629e-15 -9.02114e-16
0.767302 -6.64228e-12 -2.62998e-15 2.05582e-17
0.768305 -8.57054e-12 -2.31741e-15 8.14861e-16
0.769308 -1.1025e-11 -2.01095e-15 9.76533e-16
0.770311 -1.42119e-11 -1.71447e-15 1.33109e-15
0.771314 -1.82649e-11 -1.44125e-15 1.92247e-15
0.772317 -2.35021e-11 -1.17547e-15 2.1966e-15
0.77332 -3.01309e-11 -9.46721e-16 2.00899e-15
0.774323 -3.86512e-11 -7.50784e-16 1.96769e-15
0.775326 -4.93944e-11 -5.86325e-16 2.17069e-15
0.776329 -6.316e-11 -4.36722e-16 2.86979e-15
0.777332 -8.04764e-11 -2.98939e-16 3.44805e-15
0.778335 -1.0261e-10 -1.59294e-16 4.36535e-15
0.779338 -1.30389e-10 -2.09407e-17 4.91897e-15
0.780341 -1.65793e-10 1.29053e-16 5.73297e-15
0.781344 -2.10111e-10 2.96021e-16 6.04019e-15
0.782347 -2.66409e-10 4.63816e-16 5.87602e-15
0.78335 -3.36683e-10 6.29737e-16 4.80326e-15
0.784353 -4.25666e-10 7.75531e-16 4.09397e-15
0.785356 -5.36425e-10 8.99722e-16 3.33363e-15
0.786359 -6.76227e-10 9.87747e-16 3.12583e-15
0.787362 -8.49765e-10 1.04607e-15 4.0065e-15
0.788365 -1.06812e-09 1.07642e-15 5.37335e-15
0.789368 -1.33841e-09 1.07696e-15 7.16601e-15
0.790371 -1.67742e-09 1.08271e-15 9.40157e-15
0.791374 -2.0959e-09 1.09956e-15 1.10376e-14
0.792377 -2.61908e-09 1.14257e-15 1.16062e-14
0.79338 -3.26305e-09 1.22024e-15 1.13522e-14
0.794383 -4.06552e-09 1.32396e-15 9.94174e-15
0.795386 -5.05046e-09 1.44824e-15 7.33574e-15
0.796389 -6.27382e-09 1.57421e-15 5.12562e-15
0.797392 -7.77102e-09 1.69387e-15 3.30012e-15
0.798395 -9.62453e-09 1.7814e-15 2.69679e-15
0.799398 -1.18863e-08 1.83493e-15 3.61098e-15
0.800401 -1.46771e-08 1.8422e-15 4.51844e-15
0.801404 -1.80726e-08 1.79083e-15 5.21074e-15
0.802407 -2.22481e-08 1.6989e-15 5.81185e-15
0.80341 -2.73133e-08 1.57652e-15 5.72365e-15
0.804413 -3.35213e-08 1.4502e-15 6.24208e-15
0.805416 -4.10293e-08 1.32445e-15 6.4973e-15
0.806419 -5.01997e-08 1.21626e-15 6.78706e-15
0.807422 -6.12569e-08 1.11777e-15 6.81559e-15
0.808425 -7.4716e-08 1.03902e-15 6.39507e-15
0.809428 -9.08945e-08 9.77347e-16 5.95962e-15
0.810431 -1.10519e-07 9.34687e-16 5.58616e-15
0.811434 -1.34035e-07 9.06781e-16 4.68094e-15
0.812437 -1.6246e-07 8.9596e-16 4.23796e-15
0.81344 -1.96414e-07 8.99615e-16 3.26008e-15
0.814443 -2.37311e-07 9.27736e-16 3.49e-15
0.815446 -2.86007e-07 9.80935e-16 4.54187e-15
0.816449 -3.44449e-07 1.02972e-15 5.4686e-15
0.817452 -4.13814e-07 1.05943e-15 6.4596e-15
0.818455 -4.96757e-07 1.05825e-15 6.5797e-15
0.819458 -5.94878e-07 1.02681e-15 6.16889e-15
0.820461 -7.11777e-07 9.64405e-16 4.73619e-15
0.821464 -8.49608e-07 8.89952e-16 3.28897e-15
0.822467 -1.0132e-06 8.2676e-16 1.95147e-15
0.82347 -1.20544e-06 7.83188e-16 1.11881e-15
0.824473 -1.43274e-06 7.69823e-16 8.34056e-16
0.825476 -1.69893e-06 7.84891e-16 6.0654e-16
0.826479 -2.01246e-06 8.28466e-16 4.63744e-16
0.827482 -2.37835e-06 8.87064e-16 5.93727e-16
0.828485 -2.80763e-06 9.5146e-16 1.36781e-15
0.829488 -3.3068e-06 1.00031e-15 2.79201e-15
0.830491 -3.89016e-06 1.00971e-15 4.09652e-15
0.831494 -4.56601e-06 9.6529e-16 4.42285e-15
0.832497 -5.35265e-06 8.79165e-16 3.22251e-15
0.833501 -6.26065e-06 7.55878e-16 1.34247e-15
0.834504 -7.31312e-06 6.5247e-16 -4.49876e-16
0.835507 -8.52337e-06 5.86576e-16 -1.14486e-15
0.83651 -9.92028e-06 5.70948e-16 -1.36285e-15
0.837513 -1.15204e-05 6.15921e-16 -6.5183e-16
0.838516 -1.33593e-05 7.05331e-16 1.18889e-16
0.839519 -1.54573e-05 8.30616e-16 3.47793e-16
0.840522 -1.78578e-05 9.55153e-16 -1.34483e-16
0.841525 -2.05853e-05 1.07055e-15 -1.53698e-15
0.842528 -2.3692e-05 1.17105e-15 -2.96964e-15
0.843531 -2.7207e-05 1.25284e-15 -4.20421e-15
0.844534 -3.1192e-05 1.32098e-15 -5.25791e-15
0.845537 -3.5681e-05 1.36089e-15 -5.57997e-15
0.84654 -4.07459e-05 1.36616e-15 -5.88523e-15
0.847543 -4.64258e-05 1.34484e-15 -5.5625e-15
0.848546 -5.28023e-05 1.31772e-15 -4.97951e-15
0.849549 -5.99195e-05 1.29741e-15 -3.95028e-15
0.850552 -6.78685e-05 1.29022e-15 -3.53846e-15
0.851555 -7.66974e-05 1.30137e-15 -2.98869e-15
0.852558 -8.65051e-05 1.34559e-15 -2.20313e-15
0.853561 -9.73427e-05 1.41456e-15 -1.52622e-15
0.854564 -0.000109314 1.48111e-15 -1.23401e-15
0.855567 -0.000122471 1.5412e-15 -1.74425e-15
0.85657 -0.000136917 1.59164e-15 -2.41056e-15
0.857573 -0.000152705 1.62908e-15 -3.35979e-15
0.858576 -0.00016993 1.67889e-15 -4.06238e-15
0.859579 -0.000188639 1.73811e-15 -4.44135e-15
0.860582 -0.000208915 1.82181e-15 -3.89291e-15
0.861585 -0.000230792 1.91523e-15 -3.61174e-15
0.862588 -0.00025433 2.00216e-15 -2.90345e-15
0.863591 -0.000279546 2.0744e-15 -2.18179e-15
0.864594 -0.00030646 2.12255e-15 -1.82337e-15
0.865597 -0.000335066 2.12837e-15 -1.28163e-15
0.8666 -0.00036533 2.10917e-15 -1.66268e-15
0.867603 -0.000397213 2.05948e-15 -2.16514e-15
0.868606 -0.00043061 2.0076e-15 -2.96968e-15
0.869609 -0.000465439 1.97247e-15 -3.61096e-15
0.870612 -0.000501504 1.96369e-15 -3.83548e-15
0.871615 -0.000538672 1.9859e-15 -3.57502e-15
0.872618 -0.000576635 2.01923e-15 -3.0958e-15
0.873621 -0.0006152 2.05401e-15 -2.26545e-15
0.874624 -0.000653926 2.07432e-15 -1.81266e-15
0.875627 -0.000692551 2.0822e-15 -1.43134e-15
0.87663 -0.000730489 2.07925e-15 -1.94885e-15
0.877633 -0.000767398 2.07803e-15 -2.67555e-15
0.878636 -0.000802533 2.08331e-15 -3.76022e-15
0.879639 -0.000835472 2.09074e-15 -4.49061e-15
0.880642 -0.000865305 2.09052e-15 -4.8558e-15
0.881645 -0.000891528 2.06661e-15 -4.70885e-15
0.882648 -0.000913074 2.00685e-15 -4.39277e-15
0.883651 -0.000929363 1.93451e-15 -3.10209e-15
0.884654 -0.000939186 1.85127e-15 -1.94311e-15
0.885657 -0.000941902 1.76891e-15 -9.67698e-16
0.88666 -0.000936191 1.71621e-15 -1.79939e-16
0.887663 -0.000921373 1.67837e-15 4.04629e-16
0.888666 -0.000896069 1.6488e-15 6.45854e-16
0.889669 -0.000859587 1.61237e-15 3.41457e-16
0.890672 -0.00081056 1.56659e-15 -5.22233e-17
0.891675 -0.000748325 1.51955e-15 -6.86629e-16
0.892678 -0.000671611 1.47154e-15 -1.18167e-15
0.893681 -0.000579833 1.41703e-15 -1.94376e-15
0.894684 -0.000471922 1.35557e-15 -2.51287e-15
0.895687 -0.00034743 1.27638e-15 -2.9242e-15
0.89669 -0.000205604 1.18988e-15 -3.41389e-15
0.897693 -4.61976e-05 1.10751e-15 -3.49455e-15
0.898696 0.000131097 1.03263e-15 -3.14409e-15
0.899699 0.000326265 9.49937e-16 -1.91483e-15
0.900702 0.000539038 8.55289e-16 -9.99121e-16
0.901705 0.000769076 7.50108e-16 3.0918e-16
0.902708 0.00101542 6.33783e-16 1.10289e-15
0.903711 0.00127734 5.25665e-16 1.24751e-15
0.904714 0.0015531 4.2861e-16 8.24455e-16
0.905717 0.00184154 3.49053e-16 5.95931e-16
0.90672 0.00214005 2.91279e-16 4.93962e-16
0.907723 0.00244704 2.33571e-16 9.91087e-16
0.908726 0.00275903 1.68086e-16 1.44619e-15
0.909729 0.00307398 8.96923e-17 1.89792e-15
0.910732 0.00338754 -1.68744e-17 1.5273e-15
0.911735 0.0036973 -1.39633e-16 9.71827e-16
0.912738 0.00399814 -2.69026e-16 1.16027e-16
0.913741 0.00428733 -4.02755e-16 -6.04869e-16
0.914744 0.00455917 -5.28274e-16 -1.94051e-15
0.915747 0.0048107 -6.45514e-16 -2.70373e-15
0.91675 0.00503591 -7.47662e-16 -3.00447e-15
0.917753 0.00523174 -8.33386e-16 -2.67264e-15
0.918756 0.00539216 -9.13778e-16 -1.78353e-15
0.919759 0.00551422 -9.86303e-16 -6.17652e-16
0.920762 0.00559224 -1.04881e-15 9.77898e-16
0.921765 0.00562357 -1.10097e-15 2.4547e-15
0.922768 0.00560327 -1.15738e-15 3.82895e-15
0.923771 0.00552922 -1.2195e-15 3.8908e-15
0.924774 0.00539766 -1.27951e-15 3.845e-15
0.925777 0.00520718 -1.34594e-15 2.89659e-15
0.92678 0.00495562 -1.39453e-15 2.13475e-15
0.927783 0.00464246 -1.4279e-15 1.61785e-15
0.928786 0.00426748 -1.46175e-15 1.34501e-15
0.929789 0.00383124 -1.50154e-15 1.33727e-15
0.930792 0.00333573 -1.55036e-15 6.91863e-16
0.931795 0.00278266 -1.61273e-15 5.13363e-16
0.932798 0.00217639 -1.66909e-15 3.07812e-16
0.933801 0.00151982 -1.7117e-15 6.05026e-16
0.934804 0.000819676 -1.73728e-15 3.95048e-16
0.935807 8.00152e-05 -1.7448e-15 5.42563e-16
0.93681 -0.000690245 -1.73527e-15 7.33988e-16
0.937813 -0.00148603 -1.72253e-15 8.48626e-16
0.938816 -0.00229654 -1.71845e-15 9.20004e-16
0.939819 -0.0031159 -1.74092e-15 1.49913e-16
0.940822 -0.00393194 -1.78786e-15 -3.09781e-16
0.941825 -0.00473829 -1.85473e-15 -4.95236e-16
0.942828 -0.00552204 -1.92233e-15 8.94847e-17
0.943831 -0.00627666 -1.98201e-15 1.72516e-15
0.944835 -0.00698924 -2.02305e-15 3.47385e-15
0.945838 -0.00765353 -2.04476e-15 5.66581e-15
0.946841 -0.00825741 -2.05271e-15 6.57463e-15
0.947844 -0.00879529 -2.04628e-15 6.40798e-15
0.948847 -0.00925667 -2.04011e-15 5.81762e-15
0.94985 -0.00963701 -2.02954e-15 4.91953e-15
0.950853 -0.00992818 -2.0266e-15 4.17709e-15
0.951856 -0.010127 -2.03584e-15 3.37109e-15
0.952859 -0.0102284 -2.04646e-15 2.48523e-15
0.953862 -0.0102307 -2.06009e-15 1.67159e-15
0.954865 -0.0101323 -2.04327e-15 1.06825e-15
0.955868 -0.00993352 -2.00253e-15 9.64059e-16
0.956871 -0.00963621 -1.94462e-15 1.32897e-15
0.957874 -0.0092425 -1.87968e-15 2.43368e-15
0.958877 -0.00875795 -1.81815e-15 3.14153e-15
0.95988 -0.00818641 -1.75945e-15 3.4181e-15
0.960883 -0.00753677 -1.70345e-15 3.60618e-15
0.961886 -0.00681441 -1.6633e-15 3.1399e-15
0.962889 -0.00603102 -1.63111e-15 2.62677e-15
0.963892 -0.00519316 -1.61797e-15 2.01659e-15
0.964895 -0.00431463 -1.61395e-15 1.78381e-15
0.965898 -0.00340277 -1.62702e-15 1.4483e-15
0.966901 -0.00247256 -1.62821e-15 1.38093e-15
0.967904 -0.00153166 -1.62868e-15 1.33035e-15
0.968907 -0.000595304 -1.60505e-15 1.20618e-15
0.96991 0.000329041 -1.5661e-15 1.52415e-15
0.970913 0.00122686 -1.50856e-15 2.5848e-15
0.971916 0.00209132 -1.43812e-15 3.93576e-15
0.972919 0.00290953 -1.37064e-15 5.17882e-15
0.973922 0.00367573 -1.31469e-15 5.88259e-15
0.974925 0.00437937 -1.2704e-15 5.60532e-15
0.975928 0.00501609 -1.24617e-15 4.59162e-15
0.976931 0.00557829 -1.22103e-15 2.89702e-15
0.977934 0.00606317 -1.18492e-15 1.2952e-15
0.978937 0.00646641 -1.13821e-15 1.61466e-16
0.97994 0.0067869 -1.09132e-15 -4.48575e-16
0.980943 0.00702366 -1.03579e-15 -3.12654e-16
0.981946 0.00717721 -9.80732e-16 4.37432e-16
0.982949 0.00724977 -9.24435e-16 1.54658e-15
0.983952 0.00724336 -8.76308e-16 1.95698e-15
0.984955 0.007163 -8.27531e-16 2.20116e-15
0.985958 0.00701195 -7.72632e-16 2.06211e-15
0.986961 0.00679748 -6.86206e-16 1.73747e-15
0.987964 0.00652378 -5.85871e-16 1.15554e-15
0.988967 0.00619973 -4.72985e-16 3.71377e-16
0.98997 0.00583007 -3.575e-16 -7.53123e-17
0.990973 0.00542453 -2.49205e-16 -9.38942e-17
0.991976 0.00498809 -1.56148e-16 1.65282e-16
0.992979 0.00453062 -9.3955e-17 2.00993e-16
0.993982 0.00405695 -5.16768e-17 -3.89299e-16
0.994985 0.00357645 -8.92157e-18 -1.09558e-15
0.995988 0.00309353 5.25377e-17 -1.22285e-15
0.996991 0.00261652 1.40707e-16 -1.62065e-16
0.997994 0.00214916 2.46501e-16 1.4368e-15
0.998997 0.00169832 3.42513e-16 2.30519e-15
1 0.00126696 4.26254e-16 2.18924e-15