0.00100301 -1.05063e-27 1.12542e-45 -2.08564e-28
0.00200602 -4.4751e-27 5.38908e-45 -9.0399e-28
0.00300903 -1.19816e-26 1.47764e-44 -2.3487e-27
0.00401204 -1.93455e-26 3.22072e-44 -4.27938e-27
0.00501505 -2.29079e-26 5.83111e-44 -6.27133e-27
0.00601805 -2.79474e-26 9.86679e-44 -9.09952e-27
0.00702106 -3.12187e-26 1.52878e-43 -1.06896e-26
0.00802407 -3.97703e-26 2.27751e-43 -1.5248e-26
0.00902708 -3.85398e-26 3.20136e-43 -1.34776e-26
0.0100301 -2.6649e-26 4.3208e-43 -2.04463e-26
0.0110331 1.42274e-26 5.63284e-43 -1.01796e-26
0.0120361 2.15198e-25 6.57628e-43 -2.37725e-26
0.0130391 1.1072e-25 8.08043e-43 -4.35411e-27
0.0140421 6.7581e-26 8.68274e-43 -2.96787e-26
0.0150451 -1.99079e-26 9.79316e-43 -3.40845e-27
0.0160481 -3.50672e-25 9.51966e-43 -3.93875e-26
0.0170512 -1.64087e-25 1.06276e-42 -6.16632e-27
0.0180542 -1.1281e-25 1.02334e-42 -4.89485e-26
0.0190572 6.51126e-26 1.20546e-42 -8.20611e-27
0.0200602 1.11755e-25 1.18832e-42 -6.04681e-26
0.0210632 -3.90637e-26 1.43249e-42 -7.59032e-27
0.0220662 7.14276e-27 1.3554e-42 -6.78864e-26
0.0230692 9.60064e-26 1.57634e-42 -7.81536e-28
0.0240722 2.52444e-25 1.39475e-42 -7.30338e-26
0.0250752 2.82792e-25 1.65977e-42 1.49683e-26
0.0260782 2.2146e-25 1.56034e-42 -7.08669e-26
0.0270812 -5.54863e-26 2.15222e-42 4.24667e-26
0.0280843 -5.39359e-26 2.22918e-42 -6.57013e-26
0.0290873 5.46088e-26 3.08055e-42 6.72249e-26
0.0300903 1.35369e-25 3.03682e-42 -6.67073e-26
0.0310933 1.13381e-25 3.72227e-42 6.52943e-26
0.0320963 -1.75206e-25 3.21411e-42 -8.16857e-26
0.0330993 -4.44695e-25 3.56876e-42 4.53624e-26
0.0341023 -3.54201e-25 2.74122e-42 -9.71441e-26
0.0351053 -3.47602e-25 3.11272e-42 3.27708e-26
0.0361083 -2.04939e-25 2.46365e-42 -1.03741e-25
0.0371113 -4.61501e-25 3.2043e-42 3.3742e-26
0.0381143 -6.35471e-25 2.82045e-42 -1.11571e-25
0.0391174 -7.16522e-25 3.67232e-42 3.35926e-26
0.0401204 -3.88676e-25 3.18687e-42 -1.27581e-25
0.0411234 1.37053e-26 3.79663e-42 2.82402e-26
0.0421264 3.59476e-25 3.03322e-42 -1.48024e-25
0.0431294 3.78594e-25 3.346e-42 2.42623e-26
0.0441324 1.04339e-25 2.44895e-42 -1.62246e-25
0.0451354 3.04489e-26 2.74383e-42 3.46731e-26
0.0461384 8.87374e-26 1.96941e-42 -1.65331e-25
0.0471414 3.50933e-25 2.37735e-42 5.13293e-26
0.0481444 3.41509e-25 1.71807e-42 -1.73078e-25
0.0491474 -1.73374e-26 2.14681e-42 6.15304e-26
0.0501505 -5.38042e-25 1.63463e-42 -1.87381e-25
0.0511535 -8.23104e-25 2.18923e-42 6.38786e-26
0.0521565 -8.40762e-25 2.05351e-42 -2.02352e-25
0.0531595 -4.18783e-25 2.9196e-42 6.24102e-26
0.0541625 8.11925e-26 3.10904e-42 -2.16049e-25
0.0551655 6.35765e-25 3.80824e-42 6.29617e-26
0.0561685 8.29829e-25 3.76483e-42 -2.26521e-25
0.0571715 7.07075e-25 3.85821e-42 6.5104e-26
0.0581745 3.67424e-25 3.66842e-42 -2.39372e-25
0.0591775 1.3796e-25 4.05548e-42 7.30932e-26
0.0601805 -1.25432e-26 4.98787e-42 -2.45439e-25
0.0611836 -4.0371e-25 6.7854e-42 9.37501e-26
0.0621866 -6.13806e-25 9.02034e-42 -2.44606e-25
0.0631896 -5.04652e-25 1.11523e-41 1.18937e-25
0.0641926 -1.16689e-25 1.27801e-41 -2.47569e-25
0.0651956 2.17619e-25 1.31044e-41 1.29405e-25
0.0661986 1.6936e-25 1.28017e-41 -2.60026e-25
0.0672016 1.18154e-25 1.11095e-41 1.27795e-25
0.0682046 -1.60509e-25 9.694e-42 -2.72472e-25
0.0692076 -1.59201e-25 7.42973e-42 1.27966e-25
0.0702106 -5.52065e-26 6.18116e-42 -2.81547e-25
0.0712136 2.2521e-25 4.22318e-42 1.28591e-25
0.0722166 4.00867e-25 3.74715e-42 -2.913e-25
0.0732197 1.10491e-25 2.74196e-42 1.33325e-25
0.0742227 -2.54785e-25 3.79532e-42 -2.97332e-25
0.0752257 -3.67419e-25 4.46051e-42 1.51382e-25
0.0762287 -2.74056e-25 7.16655e-42 -2.95651e-25
0.0772317 2.03821e-25 8.57728e-42 1.74478e-25
0.0782347 5.02236e-25 1.09e-41 -2.99817e-25
0.0792377 8.35434e-25 1.04679e-41 1.79892e-25
0.0802407 7.25956e-25 1.05138e-41 -3.141e-25
0.0812437 7.45859e-25 7.71891e-42 1.64881e-25
0.0822467 5.42516e-25 6.64124e-42 -3.29145e-25
0.0832497 6.48058e-26 3.87772e-42 1.49632e-25
0.0842528 -4.604e-25 3.95744e-42 -3.40301e-25
0.0852558 -1.03708e-24 2.51109e-42 1.47534e-25
0.0862588 -1.29818e-24 3.70043e-42 -3.49942e-25
0.0872618 -1.06796e-24 2.32887e-42 1.58952e-25
0.0882648 -5.7621e-25 3.45875e-42 -3.60555e-25
0.0892678 1.18483e-25 1.4187e-42 1.75487e-25
0.0902708 4.25925e-25 2.57159e-42 -3.72053e-25
0.0912738 6.42928e-25 6.20005e-43 2.01401e-25
0.0922768 5.71189e-25 2.2868e-42 -3.69697e-25
0.0932798 3.60052e-25 2.74581e-43 2.4041e-25
0.0942828 -5.55992e-26 1.46486e-42 -3.56907e-25
0.0952859 -4.64627e-25 -1.9834e-42 2.81064e-25
0.0962889 -7.50288e-25 -2.1417e-42 -3.43793e-25
0.0972919 -8.92764e-25 -7.167e-42 3.0925e-25
0.0982949 -5.34338e-25 -7.6994e-42 -3.33331e-25
0.0992979 -8.07553e-26 -1.23695e-41 3.15571e-25
0.100301 3.03861e-25 -1.10111e-41 -3.29772e-25
0.101304 6.78746e-25 -1.28878e-41 3.02411e-25
0.102307 6.52633e-25 -7.76884e-42 -3.25303e-25
0.10331 6.27104e-25 -5.81255e-42 2.92222e-25
0.104313 4.52236e-25 2.56923e-42 -3.09202e-25
0.105316 5.62585e-25 6.05155e-42 2.94203e-25
0.106319 7.57928e-25 1.33003e-41 -2.92206e-25
0.107322 9.16843e-25 1.25085e-41 2.9102e-25
0.108325 7.59244e-25 1.30694e-41 -2.94837e-25
0.109328 6.21758e-25 4.18269e-42 2.63646e-25
0.110331 1.60326e-25 -1.98804e-42 -3.13602e-25
0.111334 -2.81666e-25 -1.49135e-41 2.33975e-25
0.112337 -7.44523e-25 -2.07341e-41 -3.23503e-25
0.11334 -1.24648e-24 -2.94119e-41 2.34109e-25
0.114343 -1.6767e-24 -2.83879e-41 -3.14453e-25
0.115346 -1.6952e-24 -2.96866e-41 2.65843e-25
0.116349 -1.10823e-24 -2.26925e-41 -3.01327e-25
0.117352 -3.13021e-25 -2.0853e-41 3.09962e-25
0.118355 4.30403e-25 -1.34338e-41 -2.87211e-25
0.119358 9.26612e-25 -1.39632e-41 3.54127e-25
0.120361 1.06639e-24 -1.02931e-41 -2.7016e-25
0.121364 9.28415e-25 -1.5528e-41 3.79181e-25
0.122367 6.33578e-25 -1.60998e-41 -2.52676e-25
0.12337 2.48108e-25 -2.47459e-41 3.61493e-25
0.124373 -3.42948e-25 -2.68418e-41 -2.5357e-25
0.125376 -8.64173e-25 -3.49158e-41 2.97541e-25
0.126379 -1.36201e-24 -3.41852e-41 -2.79403e-25
0.127382 -1.66415e-24 -3.7933e-41 2.28938e-25
0.128385 -1.39548e-24 -3.21725e-41 -2.937e-25
0.129388 -6.85373e-25 -3.18577e-41 2.10139e-25
0.130391 2.82915e-25 -2.32409e-41 -2.82275e-25
0.131394 9.51257e-25 -2.24301e-41 2.36359e-25
0.132397 1.17352e-24 -1.44444e-41 -2.65978e-25
0.1334 9.13633e-25 -1.56982e-41 2.73103e-25
0.134403 2.31641e-25 -9.70487e-42 -2.54384e-25
0.135406 -8.25588e-25 -1.31632e-41 3.08159e-25
0.136409 -2.41503e-24 -8.79248e-42 -2.42594e-25
0.137412 -4.988e-24 -1.35485e-41 3.23604e-25
0.138415 -1.00249e-23 -8.70759e-42 -2.36962e-25
0.139418 -1.95468e-23 -1.05072e-41 3.07186e-25
0.140421 -3.90027e-23 3.7407e-42 -2.41049e-25
0.141424 -7.44083e-23 2.00692e-41 2.84328e-25
0.142427 -1.45737e-22 7.04123e-41 -2.35442e-25
0.14343 -2.73704e-22 1.48429e-40 2.90424e-25
0.144433 -5.28611e-22 3.15471e-40 -2.11774e-25
0.145436 -9.79895e-22 5.93815e-40 3.09076e-25
0.146439 -1.86121e-21 1.14581e-39 -1.97321e-25
0.147442 -3.39923e-21 2.09209e-39 2.98619e-25
0.148445 -6.34112e-21 3.92073e-39 -2.01722e-25
0.149448 -1.14005e-20 7.06218e-39 2.72109e-25
0.150451 -2.08937e-20 1.30052e-38 -2.02841e-25
0.151454 -3.69957e-20 2.31145e-38 2.60043e-25
0.152457 -6.66438e-20 4.18495e-38 -1.89663e-25
0.15346 -1.16234e-19 7.3303e-38 2.70385e-25
0.154463 -2.05839e-19 1.30471e-37 -1.70492e-25
0.155466 -3.53638e-19 2.25151e-37 2.79265e-25
0.156469 -6.15771e-19 3.94059e-37 -1.61595e-25
0.157472 -1.04219e-18 6.70026e-37 2.71318e-25
0.158475 -1.78472e-18 1.15347e-36 -1.67142e-25
0.159478 -2.97607e-18 1.93271e-36 2.41681e-25
0.160481 -5.01336e-18 3.27361e-36 -1.85525e-25
0.161484 -8.23779e-18 5.40607e-36 1.99374e-25
0.162487 -1.36546e-17 9.01167e-36 -2.1188e-25
0.16349 -2.2113e-17 1.467e-35 1.66732e-25
0.164493 -3.60776e-17 2.40741e-35 -2.32906e-25
0.165496 -5.75956e-17 3.864e-35 1.50904e-25
0.166499 -9.25254e-17 6.24463e-35 -2.60308e-25
0.167503 -1.45654e-16 9.88496e-35 1.32206e-25
0.168506 -2.30494e-16 1.57388e-34 -2.98983e-25
0.169509 -3.57917e-16 2.45789e-34 1.11726e-25
0.170512 -5.58223e-16 3.85737e-34 -3.36564e-25
0.171515 -8.55427e-16 5.94542e-34 1.17463e-25
0.172518 -1.31568e-15 9.20195e-34 -3.55957e-25
0.173521 -1.9907e-15 1.40049e-33 1.68952e-25
0.174524 -3.02145e-15 2.13905e-33 -3.61263e-25
0.175527 -4.51674e-15 3.21646e-33 2.29487e-25
0.17653 -6.77041e-15 4.85151e-33 -3.7983e-25
0.177533 -1.00068e-14 7.21238e-33 2.52268e-25
0.178536 -1.4827e-14 1.07519e-32 -4.16332e-25
0.179539 -2.16855e-14 1.58147e-32 2.46029e-25
0.180542 -3.17918e-14 2.3322e-32 -4.46974e-25
0.181545 -4.60537e-14 3.39688e-32 2.41729e-25
0.182548 -6.68734e-14 4.96019e-32 -4.6248e-25
0.183551 -9.60426e-14 7.16051e-32 2.59638e-25
0.184554 -1.38282e-13 1.03636e-31 -4.69575e-25
0.185557 -1.97093e-13 1.48421e-31 2.96938e-25
0.18656 -2.81674e-13 2.13134e-31 -4.76881e-25
0.187563 -3.98818e-13 3.03094e-31 3.35955e-25
0.188566 -5.66315e-13 4.32258e-31 -4.87179e-25
0.189569 -7.97259e-13 6.10933e-31 3.61153e-25
0.190572 -1.12583e-12 8.66075e-31 -5.05761e-25
0.191575 -1.57712e-12 1.21751e-30 3.61809e-25
0.192578 -2.21639e-12 1.71697e-30 -5.33229e-25
0.193581 -3.09138e-12 2.40235e-30 3.47506e-25
0.194584 -4.32595e-12 3.37224e-30 -5.66705e-25
0.195587 -6.0103e-12 4.69864e-30 3.39234e-25
0.19659 -8.37785e-12 6.56821e-30 -5.88508e-25
0.197593 -1.15979e-11 9.11673e-30 3.7232e-25
0.198596 -1.61073e-11 1.26952e-29 -5.92208e-25
0.199599 -2.22214e-11 1.7558e-29 4.42817e-25
0.200602 -3.07513e-11 2.43602e-29 -5.95838e-25
0.201605 -4.22806e-11 3.35748e-29 4.98621e-25
0.202608 -5.8304e-11 4.64161e-29 -6.26427e-25
0.203611 -7.98924e-11 6.37565e-29 5.02035e-25
0.204614 -1.0978e-10 8.78298e-29 -6.78894e-25
0.205617 -1.49917e-10 1.20234e-28 4.78372e-25
0.20662 -2.05268e-10 1.65047e-28 -7.15828e-25
0.207623 -2.79357e-10 2.25175e-28 4.96166e-25
0.208626 -3.81126e-10 3.08006e-28 -7.12989e-25
0.209629 -5.16899e-10 4.18785e-28 5.92737e-25
0.210632 -7.02666e-10 5.70801e-28 -6.5471e-25
0.211635 -9.49683e-10 7.73445e-28 7.9032e-25
0.212638 -1.28632e-09 1.05044e-27 -5.40725e-25
0.213641 -1.73247e-09 1.41849e-27 1.11079e-24
0.214644 -2.3381e-09 1.91961e-27 -2.67423e-25
0.215647 -3.13807e-09 2.58328e-27 1.6247e-24
0.21665 -4.21971e-09 3.4834e-27 2.81119e-25
0.217653 -5.64369e-09 4.67155e-27 2.55121e-24
0.218656 -7.56143e-09 6.27675e-27 1.09712e-24
0.219659 -1.00777e-08 8.38861e-27 3.247e-24
0.220662 -1.3453e-08 1.12306e-26 1.62606e-24
0.221665 -1.7867e-08 1.49573e-26 4.97541e-24
0.222668 -2.37643e-08 1.99528e-26 4.29781e-24
0.223671 -3.14503e-08 2.64816e-26 1.07958e-23
0.224674 -4.16786e-08 3.51989e-26 1.33273e-23
0.225677 -5.49638e-08 4.65541e-26 2.78554e-23
0.22668 -7.2573e-08 6.16561e-26 4.08112e-23
0.227683 -9.53673e-08 8.1262e-26 8.70667e-23
0.228686 -1.2546e-07 1.07235e-25 1.63535e-22
0.229689 -1.6428e-07 1.40841e-25 3.90145e-22
0.230692 -2.15324e-07 1.85184e-25 8.39145e-22
0.231695 -2.80947e-07 2.42366e-25 2.07813e-21
0.232698 -3.66887e-07 3.17521e-25 4.9594e-21
0.233701 -4.76992e-07 4.14108e-25 1.28686e-20
0.234704 -6.20606e-07 5.40551e-25 3.32366e-20
0.235707 -8.03966e-07 7.02499e-25 8.85573e-20
0.23671 -1.04216e-06 9.13667e-25 2.4036e-19
0.237713 -1.34522e-06 1.18321e-24 6.49782e-19
0.238716 -1.73732e-06 1.53328e-24 1.80267e-18
0.239719 -2.23446e-06 1.97858e-24 4.90528e-18
0.240722 -2.87504e-06 2.55462e-24 1.36463e-17
0.241725 -3.68437e-06 3.28486e-24 3.72347e-17
0.242728 -4.72299e-06 4.22571e-24 1.00707e-16
0.243731 -6.03056e-06 5.41429e-24 2.73053e-16
0.244734 -7.70173e-06 6.93954e-24 6.32278e-16
0.245737 -9.79819e-06 8.85973e-24 1.41336e-15
0.24674 -1.24666e-05 1.13139e-23 7.22146e-16
0.247743 -1.58022e-05 1.43928e-23 9.61639e-16
0.248746 -2.00304e-05 1.83121e-23 5.86812e-16
0.249749 -2.52967e-05 2.32118e-23 1.53247e-15
0.250752 -3.19447e-05 2.94237e-23 3.6373e-15
0.251755 -4.0195e-05 3.71622e-23 -2.70904e-15
0.252758 -5.05668e-05 4.69335e-23 -4.45666e-15
0.253761 -6.33917e-05 5.9063e-23 -3.69903e-15
0.254764 -7.94473e-05 7.43166e-23 8.66593e-16
0.255767 -9.92278e-05 9.3184e-23 6.34714e-15
0.25677 -0.000123888 1.16814e-22 5.26563e-15
0.257773 -0.000154157 1.45938e-22 7.65761e-16
0.258776 -0.000191734 1.82265e-22 4.21991e-16
0.259779 -0.000237688 2.26877e-22 1.77554e-15
0.260782 -0.000294497 2.82293e-22 2.04654e-16
0.261785 -0.000363711 3.50102e-22 -2.67154e-15
0.262788 -0.00044891 4.33986e-22 -1.83432e-15
0.263791 -0.000552324 5.36254e-22 1.70667e-15
0.264794 -0.000679081 6.62243e-22 4.13217e-15
0.265797 -0.000832353 8.15281e-22 7.49882e-15
0.2668 -0.00101942 1.00303e-21 3.1714e-16
0.267803 -0.00124475 1.23025e-21 -5.83184e-15
0.268806 -0.00151858 1.50785e-21 -2.53799e-15
0.269809 -0.00184715 1.84255e-21 7.09921e-15
0.270812 -0.0022447 2.24975e-21 4.90351e-15
0.271815 -0.00271989 2.73887e-21 -3.15531e-16
0.272818 -0.00329233 3.33142e-21 -3.71956e-16
0.273821 -0.00397388 4.04051e-21 5.26308e-15
0.274824 -0.00479129 4.8959e-21 6.43404e-15
0.275827 -0.00576066 5.91563e-21 1.66419e-15
0.27683 -0.00691811 7.1405e-21 -2.41815e-15
0.277834 -0.00828526 8.59511e-21 3.76065e-16
0.278837 -0.00991038 1.03348e-20 8.37183e-15
0.27984 -0.0118222 1.23929e-20 9.98984e-15
0.280843 -0.0140845 1.48437e-20 6.19652e-15
0.281846 -0.0167349 1.77317e-20 2.77992e-15
0.282849 -0.0198571 2.11559e-20 3.00183e-15
0.283852 -0.0234999 2.51749e-20 4.89063e-16
0.284855 -0.0277713 2.99192e-20 -1.43727e-15
0.285858 -0.032734 3.54656e-20 -1.78914e-15
0.286861 -0.0385261 4.19839e-20 1.15403e-15
0.287864 -0.0452272 4.95736e-20 7.10307e-15
0.288867 -0.0530114 5.84536e-20 9.84019e-15
0.28987 -0.0619785 6.87511e-20 7.23722e-15
0.290873 -0.0723454 8.0745e-20 9.95358e-16
0.291876 -0.0842355 9.45963e-20 2.03153e-15
0.292879 -0.0979155 1.10656e-19 6.15566e-15
0.293882 -0.113536 1.29126e-19 9.58096e-15
0.294885 -0.13142 1.50441e-19 7.03856e-15
0.295888 -0.151748 1.74852e-19 7.68721e-15
0.296891 -0.174906 2.02894e-19 6.35309e-15
0.297894 -0.201108 2.3487e-19 4.69195e-15
0.298897 -0.230808 2.71428e-19 4.48693e-15
0.2999 -0.264252 3.12934e-19 2.9815e-15
0.300903 -0.301965 3.60163e-19 5.71556e-15
0.301906 -0.34423 4.13544e-19 1.26328e-14
0.302909 -0.391637 4.73991e-19 1.07002e-14
0.303912 -0.444505 5.42005e-19 2.68955e-15
0.304915 -0.503486 6.18641e-19 -4.5967e-15
0.305918 -0.568927 7.04474e-19 4.76815e-15
0.306921 -0.641532 8.00702e-19 8.64911e-15
0.307924 -0.721668 9.0797e-19 6.24111e-15
0.308927 -0.810071 1.02761e-18 5.4154e-15
0.30993 -0.907117 1.16034e-18 -6.34444e-15
0.310933 -1.01355 1.3076e-18 -7.10374e-15
0.311936 -1.12972 1.47016e-18 -1.71175e-15
0.312939 -1.25636 1.64955e-18 7.39644e-15
0.313942 -1.39379 1.84657e-18 1.05907e-14
0.314945 -1.54264 2.06278e-18 2.4997e-15
0.315948 -1.70318 2.29898e-18 -8.66527e-15
0.316951 -1.87592 2.55672e-18 -9.34998e-15
0.317954 -2.06102 2.83675e-18 6.0291e-15
0.318957 -2.25877 3.1405e-18 1.27269e-14
0.31996 -2.46924 3.46865e-18 1.07232e-14
0.320963 -2.69241 3.82241e-18 -9.65722e-16
0.321966 -2.92818 4.20229e-18 -6.11441e-15
0.322969 -3.17617 4.60918e-18 1.35808e-15
0.323972 -3.43607 5.04338e-18 5.53408e-17
0.324975 -3.70707 5.50529e-18 1.56538e-15
0.325978 -3.98858 5.9949e-18 -2.88338e-15
0.326981 -4.27927 6.51198e-18 -5.87162e-15
0.327984 -4.57828 7.05616e-18 -7.36465e-15
0.328987 -4.88367 7.6264e-18 -1.48844e-14
0.32999 -5.19427 8.22187e-18 -1.241e-14
0.330993 -5.50749 8.84056e-18 -9.20454e-15
0.331996 -5.82183 9.48112e-18 -6.22505e-15
0.332999 -6.13404 1.01404e-17 -6.08673e-15
0.334002 -6.44227 1.08165e-17 -6.51595e-15
0.335005 -6.74263 1.1505e-17 -7.68421e-15
0.336008 -7.03294 1.22034e-17 -7.67283e-15
0.337011 -7.30871 1.29058e-17 -9.69235e-15
0.338014 -7.56749 1.36091e-17 -9.50555e-15
0.339017 -7.80427 1.43062e-17 -1.01835e-14
0.34002 -8.01641 1.49931e-17 -7.96428e-15
0.341023 -8.19853 1.56615e-17 -1.53589e-14
0.342026 -8.34788 1.63067e-17 -1.45664e-14
0.343029 -8.45893 1.69192e-17 -1.51296e-14
0.344032 -8.52891 1.74938e-17 -1.70747e-14
0.345035 -8.55241 1.80199e-17 -1.24629e-14
0.346038 -8.52678 1.8492e-17 -1.03783e-14
0.347041 -8.447 1.88988e-17 -8.29822e-15
0.348044 -8.31072 1.92344e-17 -9.099e-16
0.349047 -8.11361 1.94873e-17 -2.16313e-15
0.35005 -7.8538 1.96516e-17 -2.40358e-15
0.351053 -7.52797 1.97159e-17 -5.58939e-15
0.352056 -7.13487 1.96746e-17 -1.49187e-14
0.353059 -6.67255 1.9517e-17 -1.71118e-14
0.354062 -6.14053 1.92381e-17 -2.10873e-14
0.355065 -5.5385 1.88285e-17 -1.56573e-14
0.356068 -4.86689 1.82841e-17 -3.21006e-15
0.357071 -4.12727 1.75975e-17 1.31055e-14
0.358074 -3.32106 1.67657e-17 -7.08261e-15
0.359077 -2.45188 1.57839e-17 -2.44715e-14
0.36008 -1.5222 1.46506e-17 -1.65666e-14
0.361083 -0.537741 1.33644e-17 -2.48874e-14
0.362086 0.497981 1.19254e-17 -2.73576e-14
0.363089 1.5772 1.03358e-17 -5.9226e-15
0.364092 2.69541 8.59787e-18 2.33433e-15
0.365095 3.84297 6.71779e-18 1.06255e-14
0.366098 5.01454 4.69998e-18 -1.30927e-14
0.367101 6.1989 2.55491e-18 -1.0434e-15
0.368104 7.39002 2.8917e-19 9.73895e-15
0.369107 8.57552 -2.08242e-18 3.54063e-14
0.37011 9.74898 -4.55114e-18 3.69874e-14
0.371113 10.8973 -7.098e-18 3.72051e-14
0.372116 12.0141 -9.71232e-18 2.78129e-14
0.373119 13.086 -1.23713e-17 6.06069e-15
0.374122 14.1068 -1.50626e-17 -1.99045e-14
0.375125 15.0639 -1.77602e-17 -6.27856e-14
0.376128 15.9514 -2.04504e-17 -7.15017e-14
0.377131 16.7579 -2.31048e-17 -2.75672e-14
0.378134 17.4784 -2.57086e-17 6.33627e-14
0.379137 18.1034 -2.82323e-17 6.23578e-14
0.38014 18.6286 -3.06605e-17 4.6741e-14
0.381143 19.047 -3.29631e-17 9.50635e-15
0.382146 19.3558 -3.51253e-17 -3.59408e-14
0.383149 19.5505 -3.71174e-17 -6.04518e-14
0.384152 19.6297 -3.89254e-17 -2.19546e-14
0.385155 19.592 -4.05216e-17 5.02247e-14
0.386158 19.4376 -4.1893e-17 6.66178e-14
0.387161 19.1681 -4.30151e-17 7.01523e-14
0.388164 18.7851 -4.38766e-17 -5.04593e-14
0.389168 18.2933 -4.44569e-17 -7.14003e-14
0.390171 17.696 -4.47471e-17 -5.35048e-14
0.391174 17.0004 -4.47312e-17 2.16834e-14
0.392177 16.211 -4.44029e-17 7.4799e-14
0.39318 15.3376 -4.37517e-17 6.97571e-14
0.394183 14.3857 -4.27742e-17 2.72924e-14
0.395186 13.3669 -4.14657e-17 -3.39442e-14
0.396189 12.2876 -3.98256e-17 -8.31768e-14
0.397192 11.1606 -3.78553e-17 -5.72418e-14
0.398195 9.99263 -3.55573e-17 -1.29836e-14
0.399198 8.79725 -3.29389e-17 1.08296e-14
0.400201 7.58128 -3.00057e-17 7.33729e-15
0.401204 6.35822 -2.67704e-17 -2.4695e-14
0.402207 5.13468 -2.32414e-17 -3.3925e-14
0.40321 3.9235 -1.94367e-17 -2.85399e-14
0.404213 2.73077 -1.53672e-17 1.00723e-14
0.405216 1.56812 -1.10554e-17 2.62871e-14
0.406219 0.440887 -6.51422e-18 3.89931e-14
0.407222 -0.640981 -1.77025e-18 1.37466e-14
0.408225 -1.6731 3.16211e-18 -2.93948e-14
0.409228 -2.64753 8.25313e-18 -2.01494e-14
0.410231 -3.56097 1.34872e-17 1.64092e-14
0.411234 -4.40766 1.88323e-17 1.96911e-14
0.412237 -5.18545 2.42722e-17 -2.59615e-14
0.41324 -5.89087 2.97734e-17 -5.97735e-14
0.414243 -6.52288 3.53192e-17 -5.42189e-14
0.415246 -7.08021 4.08759e-17 -7.03434e-15
0.416249 -7.56289 4.64265e-17 3.6853e-14
0.417252 -7.97169 5.19377e-17 3.85486e-14
0.418255 -8.30756 5.73929e-17 -1.49336e-15
0.419258 -8.57306 6.27598e-17 -4.5791e-14
0.420261 -8.76993 6.80224e-17 -7.52497e-14
0.421264 -8.90216 7.31498e-17 -6.71573e-14
0.422267 -8.9721 7.81274e-17 -2.2864e-14
0.42327 -8.98483 8.29263e-17 3.8338e-14
0.424273 -8.94312 8.75328e-17 7.80698e-14
0.425276 -8.85275 9.19208e-17 5.07641e-14
0.426279 -8.71674 9.60779e-17 -2.14795e-14
0.427282 -8.54121 9.9981e-17 -5.50374e-14
0.428285 -8.32923 1.03619e-16 -3.81525e-14
0.429288 -8.08697 1.06972e-16 9.43803e-15
0.430291 -7.81741 1.10032e-16 5.97493e-14
0.431294 -7.52644 1.1278e-16 6.57648e-14
0.432297 -7.21687 1.1521e-16 3.12429e-14
0.4333 -6.89409 1.17309e-16 -1.07258e-14
0.434303 -6.56061 1.19072e-16 -4.43856e-14
0.435306 -6.2212 1.20487e-16 -3.8635e-14
0.436309 -5.87801 1.21553e-16 4.9033e-16
0.437312 -5.53506 1.22262e-16 2.86161e-14
0.438315 -5.19413 1.22614e-16 2.29548e-14
0.439318 -4.85845 1.22604e-16 1.23317e-15
0.440321 -4.5294 1.22235e-16 -1.32552e-14
0.441324 -4.20946 1.21506e-16 -1.15686e-14
0.442327 -3.89961 1.2042e-16 9.83033e-15
0.44333 -3.60159 1.1898e-16 2.17233e-14
0.444333 -3.31607 1.17191e-16 1.58711e-14
0.445336 -3.04411 1.1506e-16 -8.52935e-15
0.446339 -2.78608 1.12592e-16 -3.13496e-14
0.447342 -2.54247 1.09798e-16 -2.5859e-14
0.448345 -2.31341 1.06685e-16 7.35713e-15
0.449348 -2.09892 1.03265e-16 3.77613e-14
0.450351 -1.89891 9.95471e-17 3.90911e-14
0.451354 -1.71306 9.55466e-17 2.42244e-14
0.452357 -1.54113 9.12724e-17 9.41638e-16
0.45336 -1.38252 8.67425e-17 -1.75989e-14
0.454363 -1.23689 8.19666e-17 -2.89939e-14
0.455366 -1.10348 7.69644e-17 -2.60208e-14
0.456369 -0.981865 7.17462e-17 9.36251e-16
0.457372 -0.871187 6.6333e-17 2.47398e-14
0.458375 -0.771001 6.07356e-17 2.99813e-14
0.459378 -0.680405 5.49759e-17 2.11592e-14
0.460381 -0.598951 4.90648e-17 1.59089e-14
0.461384 -0.52575 4.30246e-17 1.6265e-14
0.462387 -0.460369 3.68664e-17 1.02837e-14
0.46339 -0.401964 3.06127e-17 1.16445e-14
0.464393 -0.350135 2.42743e-17 2.16746e-14
0.465396 -0.304108 1.78733e-17 2.8729e-14
0.466399 -0.26352 1.14205e-17 1.54003e-14
0.467402 -0.227683 4.93722e-18 5.13151e-15
0.468405 -0.196278 -1.56606e-18 -1.86886e-15
0.469408 -0.168703 -8.06882e-18 4.5447e-15
0.470411 -0.144688 -1.45611e-17 1.4087e-14
0.471414 -0.123718 -2.10235e-17 2.34947e-14
0.472417 -0.105564 -2.74464e-17 3.50718e-14
0.47342 -0.0897993 -3.38116e-17 3.07914e-14
0.474423 -0.0762336 -4.01101e-17 1.92693e-14
0.475426 -0.0645159 -4.63249e-17 4.89883e-15
0.476429 -0.0544926 -5.24475e-17 -1.11814e-14
0.477432 -0.0458805 -5.8462e-17 -1.60633e-14
0.478435 -0.0385571 -6.43607e-17 -9.53424e-15
0.479438 -0.0322976 -7.01287e-17 3.74002e-15
0.480441 -0.0270059 -7.57587e-17 1.13309e-14
0.481444 -0.0225064 -8.12368e-17 1.09248e-14
0.482447 -0.0187246 -8.65565e-17 1.28e-14
0.48345 -0.0155254 -9.17046e-17 1.94981e-14
0.484453 -0.012852 -9.66749e-17 2.62582e-14
0.485456 -0.010602 -1.01455e-16 2.81025e-14
0.486459 -0.00873262 -1.0604e-16 2.66599e-14
0.487462 -0.00716718 -1.10417e-16 1.39988e-14
0.488465 -0.00587405 -1.14582e-16 -8.26833e-15
0.489468 -0.00479657 -1.18523e-16 -1.91642e-14
0.490471 -0.00391161 -1.22235e-16 -2.02259e-14
0.491474 -0.00317789 -1.25709e-16 -1.37695e-14
0.492477 -0.0025787 -1.2894e-16 -2.42521e-15
0.49348 -0.00208437 -1.31918e-16 1.60908e-15
0.494483 -0.00168297 -1.34639e-16 -7.44745e-15
0.495486 -0.00135344 -1.37094e-16 -1.96367e-14
0.496489 -0.00108739 -1.39281e-16 -2.03565e-14
0.497492 -0.000870036 -1.41191e-16 -1.46759e-14
0.498495 -0.000695545 -1.42821e-16 -4.65498e-15
0.499498 -0.000553688 -1.44166e-16 5.69462e-15
0.500502 -0.000440452 -1.45222e-16 1.68939e-14
0.501505 -0.000348838 -1.45986e-16 2.00447e-14
0.502508 -0.000276123 -1.46456e-16 1.05151e-14
0.503511 -0.000217576 -1.46628e-16 -1.02349e-15
0.504514 -0.000171371 -1.46504e-16 -1.36033e-14
0.505517 -0.000134347 -1.46081e-16 -9.94364e-15
0.50652 -0.000105293 -1.45361e-16 5.6752e-15
0.507523 -8.21234e-05 -1.44346e-16 2.01592e-14
0.508526 -6.40453e-05 -1.43038e-16 2.47163e-14
0.509529 -4.96969e-05 -1.41441e-16 1.3301e-16
0.510532 -3.85653e-05 -1.39558e-16 -2.3839e-14
0.511535 -2.97722e-05 -1.37397e-16 -3.1439e-14
0.512538 -2.29893e-05 -1.34963e-16 -1.82698e-14
0.513541 -1.76566e-05 -1.32266e-16 2.26446e-15
0.514544 -1.35665e-05 -1.29312e-16 2.22135e-14
0.515547 -1.0366e-05 -1.26114e-16 3.11586e-14
0.51655 -7.92537e-06 -1.2268e-16 2.05689e-14
0.517553 -6.02456e-06 -1.19025e-16 -1.23547e-15
0.518556 -4.58328e-06 -1.15159e-16 -2.10229e-14
0.519559 -3.46607e-06 -1.11099e-16 -2.93335e-14
0.520562 -2.62382e-06 -1.06856e-16 -2.11393e-14
0.521565 -1.97399e-06 -1.02451e-16 -8.53838e-15
0.522568 -1.48691e-06 -9.7893e-17 3.03107e-15
0.523571 -1.11286e-06 -9.32053e-17 2.98436e-15
0.524574 -8.34113e-07 -8.8399e-17 -2.2118e-15
0.525577 -6.21046e-07 -8.34975e-17 -3.75428e-15
0.52658 -4.63177e-07 -7.85126e-17 2.39545e-15
0.527583 -3.43069e-07 -7.34681e-17 6.51323e-15
0.528586 -2.54592e-07 -6.8376e-17 1.28691e-14
0.529589 -1.8759e-07 -6.32601e-17 1.93584e-14
0.530592 -1.3852e-07 -5.8132e-17 1.80936e-14
0.531595 -1.01532e-07 -5.3015e-17 1.11714e-14
0.532598 -7.46004e-08 -4.79202e-17 -1.52636e-15
0.533601 -5.43939e-08 -4.28697e-17 -5.82018e-15
0.534604 -3.97675e-08 -3.78739e-17 2.55893e-15
0.535607 -2.88439e-08 -3.29532e-17 2.12695e-16
0.53661 -2.09832e-08 -2.81169e-17 -7.40928e-15
0.537613 -1.51393e-08 -2.33833e-17 -1.48005e-14
0.538616 -1.09586e-08 -1.87607e-17 -1.52793e-14
0.539619 -7.86476e-09 -1.42648e-17 -1.28177e-14
0.540622 -5.6644e-09 -9.90262e-18 -1.40132e-14
0.541625 -4.04358e-09 -5.6871e-18 -2.0156e-14
0.542628 -2.89774e-09 -1.6239e-18 -1.7587e-14
0.543631 -2.05762e-09 2.27682e-18 -9.72188e-15
0.544634 -1.46725e-09 6.01087e-18 -9.26861e-15
0.545637 -1.03638e-09 9.57097e-18 -1.06781e-14
0.54664 -7.35424e-10 1.29544e-17 -1.05906e-14
0.547643 -5.16788e-10 1.61566e-17 -2.25072e-15
0.548646 -3.6497e-10 1.91762e-17 3.39665e-15
0.549649 -2.5511e-10 2.20114e-17 7.40278e-15
0.550652 -1.79179e-10 2.46622e-17 7.89028e-15
0.551655 -1.24403e-10 2.71292e-17 8.28195e-15
0.552658 -8.67409e-11 2.94135e-17 4.27231e-15
0.553661 -5.97917e-11 3.1518e-17 1.80923e-15
0.554664 -4.15224e-11 3.34449e-17 6.65073e-15
0.555667 -2.86361e-11 3.5199e-17 1.67447e-15
0.55667 -2.00256e-11 3.67834e-17 -5.72642e-15
0.557673 -1.39027e-11 3.82047e-17 -6.5658e-15
0.558676 -9.7053e-12 3.94666e-17 -3.22106e-15
0.559679 -6.61642e-12 4.0577e-17 -6.15614e-15
0.560682 -4.4424e-12 4.15402e-17 -1.18145e-14
0.561685 -2.90415e-12 4.23655e-17 -1.21648e-14
0.562688 -1.91266e-12 4.30574e-17 -1.14102e-14
0.563691 -1.27719e-12 4.36258e-17 -1.14339e-14
0.564694 -9.01173e-13 4.40759e-17 -1.65023e-14
0.565697 -6.36989e-13 4.44179e-17 -1.40983e-14
0.5667 -4.59441e-13 4.46572e-17 -5.53315e-15
0.567703 -3.71654e-13 4.48042e-17 1.55673e-15
0.568706 -3.98827e-13 4.48644e-17 9.70295e-15
0.569709 -5.59065e-13 4.48483e-17 8.29422e-16
0.570712 -8.28957e-13 4.47612e-17 -1.63958e-14
0.571715 -1.14027e-12 4.46135e-17 -2.02036e-14
0.572718 -1.46058e-12 4.44102e-17 -7.80036e-16
0.573721 -1.77672e-12 4.41614e-17 1.31163e-14
0.574724 -2.1268e-12 4.38719e-17 1.43313e-14
0.575727 -2.62004e-12 4.3551e-17 1.14913e-14
0.57673 -3.32399e-12 4.32033e-17 5.0558e-15
0.577733 -4.3572e-12 4.28372e-17 8.32772e-15
0.578736 -5.76733e-12 4.2457e-17 8.61563e-15
0.579739 -7.65806e-12 4.20701e-17 8.29585e-15
0.580742 -1.00992e-11 4.16802e-17 -3.71699e-15
0.581745 -1.32788e-11 4.1294e-17 -9.92714e-15
0.582748 -1.73344e-11 4.09143e-17 -1.4376e-14
0.583751 -2.26047e-11 4.05468e-17 -1.8141e-14
0.584754 -2.93191e-11 4.01937e-17 -2.8009e-14
0.585757 -3.80453e-11 3.98595e-17 -2.30028e-14
0.58676 -4.9174e-11 3.95458e-17 -3.93883e-15
0.587763 -6.36661e-11 3.92559e-17 2.26827e-15
0.588766 -8.21661e-11 3.89909e-17 -7.12193e-16
0.589769 -1.0621e-10 3.87527e-17 5.54541e-15
0.590772 -1.36794e-10 3.85418e-17 1.05434e-14
0.591775 -1.76296e-10 3.83591e-17 2.26355e-14
0.592778 -2.26279e-10 3.82047e-17 1.59396e-14
0.593781 -2.90531e-10 3.80781e-17 3.93582e-15
0.594784 -3.71575e-10 3.7979e-17 -4.36392e-15
0.595787 -4.75505e-10 3.79062e-17 -8.04835e-15
0.59679 -6.06338e-10 3.78589e-17 -1.92683e-14
0.597793 -7.73669e-10 3.7835e-17 -2.26307e-14
0.598796 -9.83753e-10 3.78335e-17 -7.46621e-15
0.599799 -1.25147e-09 3.78517e-17 7.47616e-15
0.600802 -1.58651e-09 3.78883e-17 2.07861e-14
0.601805 -2.01187e-09 3.79404e-17 2.60975e-14
0.602808 -2.54249e-09 3.80063e-17 2.43066e-14
0.603811 -3.21379e-09 3.80831e-17 2.69547e-14
0.604814 -4.04866e-09 3.8169e-17 2.6067e-14
0.605817 -5.10121e-09 3.8261e-17 2.1716e-14
0.60682 -6.40626e-09 3.83575e-17 6.87355e-15
0.607823 -8.04586e-09 3.84555e-17 -1.1175e-14
0.608826 -1.00726e-08 3.85535e-17 -2.76052e-14
0.609829 -1.26099e-08 3.86489e-17 -2.8025e-14
0.610832 -1.57366e-08 3.87404e-17 -2.50005e-14
0.611836 -1.96369e-08 3.88256e-17 -1.70945e-14
0.612839 -2.4428e-08 3.89035e-17 -1.20273e-14
0.613842 -3.0383e-08 3.89721e-17 5.29701e-15
0.614845 -3.76746e-08 3.90306e-17 1.15661e-14
0.615848 -4.67048e-08 3.90775e-17 1.48143e-14
0.616851 -5.77263e-08 3.91121e-17 1.78268e-14
0.617854 -7.13257e-08 3.91335e-17 1.53096e-14
0.618857 -8.78705e-08 3.91412e-17 -4.10242e-15
0.61986 -1.0821e-07 3.91346e-17 -7.02958e-15
0.620863 -1.32873e-07 3.91134e-17 2.13264e-15
0.621866 -1.63079e-07 3.90772e-17 1.00992e-14
0.622869 -1.99586e-07 3.90259e-17 8.24391e-15
0.623872 -2.44129e-07 3.89594e-17 7.95826e-15
0.624875 -2.97783e-07 3.88777e-17 1.36725e-14
0.625878 -3.63e-07 3.87807e-17 1.04934e-14
0.626881 -4.41288e-07 3.86684e-17 -7.14017e-16
0.627884 -5.36084e-07 3.85408e-17 -5.24805e-15
0.628887 -6.49487e-07 3.83979e-17 -8.89936e-16
0.62989 -7.8627e-07 3.82397e-17 1.95224e-15
0.630893 -9.49333e-07 3.80659e-17 -3.01662e-16
0.631896 -1.14524e-06 3.78766e-17 -4.83973e-15
0.632899 -1.37796e-06 3.76714e-17 -9.42234e-15
0.633902 -1.65644e-06 3.745e-17 -1.28638e-14
0.634905 -1.98607e-06 3.72122e-17 -1.76147e-14
0.635908 -2.37892e-06 3.69574e-17 -2.71634e-14
0.636911 -2.84223e-06 3.66852e-17 -3.20413e-14
0.637914 -3.39215e-06 3.63948e-17 -2.343e-14
0.638917 -4.03829e-06 3.60859e-17 -1.10287e-14
0.63992 -4.80204e-06 3.57574e-17 -1.7444e-15
0.640923 -5.69604e-06 3.54089e-17 7.36564e-15
0.641926 -6.74831e-06 3.50393e-17 1.57027e-14
0.642929 -7.97531e-06 3.46482e-17 2.63746e-14
0.643932 -9.41334e-06 3.42344e-17 2.22688e-14
0.644935 -1.10836e-05 3.37974e-17 8.05293e-15
0.645938 -1.30325e-05 3.33362e-17 5.80736e-15
0.646941 -1.52871e-05 3.28504e-17 3.95017e-15
0.647944 -1.79063e-05 3.23392e-17 -1.63832e-15
0.648947 -2.09237e-05 3.1802e-17 -5.63836e-15
0.64995 -2.44131e-05 3.12384e-17 1.14433e-15
0.650953 -2.84163e-05 3.0648e-17 8.22471e-15
0.651956 -3.3024e-05 3.00306e-17 9.2687e-15
0.652959 -3.82875e-05 2.93861e-17 -1.40885e-15
0.653962 -4.4317e-05 2.87145e-17 -2.92903e-15
0.654965 -5.1174e-05 2.8016e-17 -2.62052e-16
0.655968 -5.89903e-05 2.7291e-17 -2.88961e-15
0.656971 -6.78388e-05 2.65398e-17 -8.55907e-15
0.657974 -7.78743e-05 2.57633e-17 -9.33903e-15
0.658977 -8.91814e-05 2.49621e-17 -1.57708e-15
0.65998 -0.000101938 2.41373e-17 6.46178e-15
0.660983 -0.000116241 2.32896e-17 2.59521e-15
0.661986 -0.000132291 2.24208e-17 -5.08134e-15
0.662989 -0.000150194 2.15316e-17 -8.57595e-15
0.663992 -0.000170169 2.06239e-17 -9.88563e-15
0.664995 -0.000192333 1.96988e-17 -5.76378e-15
0.665998 -0.000216917 1.87583e-17 -8.59552e-15
0.667001 -0.00024404 1.78035e-17 -1.33183e-14
0.668004 -0.000273939 1.68366e-17 -1.06349e-14
0.669007 -0.000306731 1.58587e-17 -3.47568e-15
0.67001 -0.000342641 1.48721e-17 1.39871e-15
0.671013 -0.000381777 1.38777e-17 3.97165e-15
0.672016 -0.000424335 1.28777e-17 3.87948e-15
0.673019 -0.0004704 1.18732e-17 1.03627e-14
0.674022 -0.000520116 1.0866e-17 2.04801e-14
0.675025 -0.000573531 9.857e-18 1.58397e-14
0.676028 -0.000630708 8.84785e-18 1.44453e-14
0.677031 -0.000691641 7.83926e-18 1.87882e-14
0.678034 -0.000756271 6.83253e-18 1.32226e-14
0.679037 -0.000824524 5.82818e-18 5.7509e-15
0.68004 -0.000896179 4.82711e-18 -6.88021e-15
0.681043 -0.000971066 3.82964e-18 -1.41985e-14
0.682046 -0.00104876 2.83627e-18 -1.40499e-14
0.683049 -0.00112898 1.8471e-18 -1.22989e-14
0.684052 -0.00121105 8.62228e-19 -1.68428e-14
0.685055 -0.00129453 -1.18425e-19 -1.19641e-14
0.686058 -0.00137847 -1.09514e-18 -8.57741e-16
0.687061 -0.00146227 -2.06816e-18 1.27121e-14
0.688064 -0.00154464 -3.03806e-18 1.56215e-14
0.689067 -0.0016248 -4.00522e-18 6.20847e-15
0.69007 -0.00170111 -4.97045e-18 6.5163e-15
0.691073 -0.0017726 -5.93419e-18 9.69971e-15
0.692076 -0.00183726 -6.89738e-18 7.5307e-15
0.693079 -0.00189394 -7.86048e-18 5.46268e-15
0.694082 -0.00194027 -8.82444e-18 -6.445e-15
0.695085 -0.00197495 -9.78971e-18 -1.2092e-14
0.696088 -0.00199527 -1.07571e-17 -1.403e-14
0.697091 -0.00199981 -1.1727e-17 -6.12769e-15
0.698094 -0.00198564 -1.27001e-17 -2.55639e-15
0.699097 -0.00195124 -1.36765e-17 2.56345e-15
0.7001 -0.00189357 -1.46566e-17 8.59109e-15
0.701103 -0.00181111 -1.56404e-17 1.18991e-14
0.702106 -0.00170087 -1.66278e-17 1.00425e-14
0.703109 -0.00156141 -1.76188e-17 5.71436e-15
0.704112 -0.00139001 -1.86128e-17 8.95072e-15
0.705115 -0.00118542 -1.96093e-17 2.08502e-15
0.706118 -0.000945412 -2.06075e-17 -3.53166e-16
0.707121 -0.000669095 -2.16068e-17 -6.30252e-17
0.708124 -0.000355005 -2.26056e-17 3.98822e-15
0.709127 -2.72145e-06 -2.36032e-17 8.11107e-16
0.71013 0.000388154 -2.45977e-17 4.89557e-15
0.711133 0.000817423 -2.55882e-17 1.06372e-15
0.712136 0.00128414 -2.65723e-17 -8.62993e-15
0.713139 0.00178735 -2.75489e-17 -1.79413e-14
0.714142 0.0023245 -2.85156e-17 -1.57107e-14
0.715145 0.00289378 -2.94711e-17 -5.91424e-15
0.716148 0.00349083 -3.04126e-17 2.30872e-15
0.717151 0.0041129 -3.1339e-17 6.30606e-15
0.718154 0.00475371 -3.22474e-17 8.54107e-15
0.719157 0.00540953 -3.31366e-17 4.09836e-15
0.72016 0.00607217 -3.40039e-17 -6.27824e-16
0.721163 0.00673696 -3.48481e-17 -4.86042e-15
0.722166 0.00739393 -3.56666e-17 -1.66152e-14
0.72317 0.00803758 -3.64584e-17 -1.5253e-14
0.724173 0.00865645 -3.72212e-17 -8.7604e-15
0.725176 0.0092444 -3.7954e-17 4.3151e-16
0.726179 0.0097889 -3.86551e-17 8.73966e-15
0.727182 0.0102835 -3.93234e-17 1.5303e-14
0.728185 0.0107152 -3.99577e-17 1.05058e-14
0.729188 0.0110775 -4.05573e-17 1.86533e-15
0.730191 0.0113578 -4.11212e-17 -7.5855e-16
0.731194 0.01155 -4.1649e-17 -5.67678e-15
0.732197 0.0116426 -4.21401e-17 -9.88008e-16
0.7332 0.0116303 -4.25943e-17 7.19212e-15
0.734203 0.0115038 -4.30114e-17 9.64971e-15
0.735206 0.0112591 -4.33914e-17 1.13293e-14
0.736209 0.0108897 -4.37345e-17 6.79682e-15
0.737212 0.0103936 -4.40408e-17 6.68662e-15
0.738215 0.00976797 -4.43108e-17 5.3597e-15
0.739218 0.00901287 -4.45447e-17 -1.36662e-16
0.740221 0.00813004 -4.47432e-17 -5.21507e-15
0.741224 0.00712187 -4.49067e-17 -6.10705e-15
0.742227 0.00599504 -4.50358e-17 -1.12547e-14
0.74323 0.00475445 -4.51309e-17 -1.29469e-14
0.744233 0.00341181 -4.51929e-17 -8.45593e-15
0.745236 0.00197453 -4.52221e-17 -7.85625e-15
0.746239 0.000459153 -4.52191e-17 -1.37339e-15
0.747242 -0.00112463 -4.51844e-17 1.50996e-15
0.748245 -0.00275598 -4.51184e-17 1.58309e-14
0.749248 -0.00442334 -4.50214e-17 1.96085e-14
0.750251 -0.00610251 -4.48939e-17 8.94104e-15
0.751254 -0.0077806 -4.47358e-17 3.47984e-15
0.752257 -0.00943131 -4.45475e-17 2.54735e-15
0.75326 -0.0110412 -4.43288e-17 -9.83726e-16
0.754263 -0.0125832 -4.40798e-17 5.7555e-16
0.755266 -0.0140442 -4.38004e-17 7.3984e-15
0.756269 -0.0153983 -4.34903e-17 9.57258e-15
0.757272 -0.0166332 -4.31493e-17 7.50513e-15
0.758275 -0.0177258 -4.2777e-17 1.36303e-14
0.759278 -0.0186658 -4.23731e-17 1.91511e-14
0.760281 -0.0194344 -4.19371e-17 1.81051e-14
0.761284 -0.0200239 -4.14686e-17 5.67218e-15
0.762287 -0.0204212 -4.09672e-17 -9.02463e-16
0.76329 -0.0206219 -4.04325e-17 -3.97424e-15
0.764293 -0.0206198 -3.9864e-17 -5.93223e-15
0.765296 -0.0204138 -3.92615e-17 -1.33596e-14
0.766299 -0.0200052 -3.86244e-17 -1.46621e-14
0.767302 -0.0193967 -3.79528e-17 -7.21337e-15
0.768305 -0.018597 -3.72464e-17 7.33745e-15
0.769308 -0.0176125 -3.65052e-17 1.14642e-14
0.770311 -0.0164588 -3.57293e-17 1.3772e-14
0.771314 -0.0151457 -3.49188e-17 1.23139e-14
0.772317 -0.0136948 -3.40742e-17 7.7952e-15
0.77332 -0.0121184 -3.31959e-17 9.18043e-15
0.774323 -0.0104431 -3.22848e-17 1.14121e-14
0.775326 -0.00868292 -3.13412e-17 2.0037e-15
0.776329 -0.00686729 -3.03666e-17 -1.45572e-14
0.777332 -0.00501136 -2.93618e-17 -1.43439e-14
0.778335 -0.00314557 -2.83283e-17 -7.88284e-15
0.779338 -0.00128503 -2.72672e-17 -8.76772e-15
0.780341 0.000540685 -2.61805e-17 -1.10519e-14
0.781344 0.00231748 -2.50695e-17 -3.37151e-15
0.782347 0.00401844 -2.39366e-17 4.27379e-15
0.78335 0.00563135 -2.27831e-17 5.26435e-15
0.784353 0.00713358 -2.16117e-17 -2.6547e-17
0.785356 0.00851544 -2.0424e-17 -1.06699e-14
0.786359 0.00975979 -1.92229e-17 -9.13414e-15
0.787362 0.01086 -1.80099e-17 2.83863e-15
0.788365 0.0118051 -1.67883e-17 5.1702e-15
0.789368 0.0125919 -1.55595e-17 -5.34667e-15
0.790371 0.0132158 -1.43269e-17 -1.02182e-14
0.791374 0.0136769 -1.30921e-17 -7.52247e-15
0.792377 0.013977 -1.18583e-17 -5.72702e-15
0.79338 0.0141191 -1.0627e-17 -8.31611e-15
0.794383 0.014111 -9.40155e-18 -9.99548e-15
0.795386 0.013958 -8.18341e-18 -2.14449e-15
0.796389 0.0136726 -6.97565e-18 -6.31633e-15
0.797392 0.0132623 -5.77975e-18 -1.52528e-14
0.798395 0.012743 -4.5986e-18 -1.88801e-14
0.799398 0.0121235 -3.43359e-18 -9.62788e-15
0.800401 0.0114219 -2.28741e-18 -4.86538e-17
0.801404 0.0106475 -1.16135e-18 -4.07944e-15
0.802407 0.00981927 -5.78736e-20 -8.82531e-15
0.80341 0.00894651 1.02184e-18 -9.44486e-15
0.804413 0.00804753 2.07555e-18 -5.51527e-15
0.805416 0.00713108 3.10219e-18 -5.30195e-15
0.806419 0.00621385 4.09975e-18 -1.56065e-14
0.807422 0.00530349 5.06728e-18 -1.57139e-14
0.808425 0.00441423 6.00299e-18 -1.16881e-14
0.809428 0.0035523 6.90605e-18 -3.86517e-15
0.810431 0.00272894 7.77488e-18 1.17726e-15
0.811434 0.00194874 8.60877e-18 3.41167e-15
0.812437 0.00121969 9.40636e-18 -2.52395e-15
0.81344 0.000544746 1.0167e-17 -6.93103e-15
0.814443 -7.13867e-05 1.08897e-17 -6.81111e-15
0.815446 -0.000627318 1.15738e-17 -5.87283e-15
0.816449 -0.00112135 1.22184e-17 -5.55782e-15
0.817452 -0.00155348 1.28232e-17 -8.7748e-15
0.818455 -0.00192462 1.33876e-17 -1.23406e-14
0.819458 -0.00223591 1.39112e-17 -9.17431e-15
0.820461 -0.00249033 1.43936e-17 -7.01707e-15
0.821464 -0.00268989 1.48348e-17 -3.34851e-15
0.822467 -0.00283904 1.52347e-17 -1.51054e-15
0.82347 -0.00294037 1.55933e-17 -4.29313e-16
0.824473 -0.00299925 1.59109e-17 7.14172e-16
0.825476 -0.00301853 1.61877e-17 -2.21141e-16
0.826479 -0.003004 1.64243e-17 -2.50683e-15
0.827482 -0.00295854 1.6621e-17 -2.10441e-15
0.828485 -0.00288788 1.6779e-17 1.62048e-15
0.829488 -0.00279476 1.68989e-17 -5.19627e-16
0.830491 -0.00268447 1.69821e-17 -2.04345e-15
0.831494 -0.00255948 1.70294e-17 -1.71441e-15
0.832497 -0.00242444 1.70427e-17 3.72557e-16
0.833501 -0.00228142 1.70231e-17 -3.54519e-15
0.834504 -0.00213427 1.69729e-17 -1.05489e-15
0.835507 -0.00198466 1.68934e-17 8.71703e-15
0.83651 -0.00183559 1.67873e-17 3.70092e-15
0.837513 -0.00168829 1.66562e-17 -4.12861e-15
0.838516 -0.00154495 1.65032e-17 -2.96167e-15
0.839519 -0.00140642 1.63299e-17 8.08709e-15
0.840522 -0.00127413 1.61399e-17 1.76873e-14
0.841525 -0.00114858 1.5935e-17 1.67989e-14
0.842528 -0.00103058 1.5719e-17 7.13478e-15
0.843531 -0.00092033 1.54938e-17 -2.92951e-17
0.844534 -0.000818129 1.52634e-17 1.19754e-15
0.845537 -0.000723983 1.50299e-17 -1.05001e-15
0.84654 -0.000637788 1.47974e-17 3.30147e-16
0.847543 -0.000559399 1.45678e-17 2.00462e-15
0.848546 -0.000488449 1.43454e-17 7.96059e-15
0.849549 -0.000424695 1.41321e-17 9.14412e-15
0.850552 -0.000367606 1.39321e-17 5.51958e-15
0.851555 -0.000316887 1.37472e-17 9.63572e-15
0.852558 -0.000271931 1.35815e-17 1.05038e-14
0.853561 -0.000232425 1.34367e-17 1.64019e-14
0.854564 -0.000197747 1.33165e-17 1.33522e-14
0.855567 -0.000167593 1.32226e-17 5.39058e-15
0.85657 -0.000141374 1.31583e-17 1.54398e-15
0.857573 -0.000118809 1.31252e-17 -6.31396e-15
0.858576 -9.93683e-05 1.31261e-17 4.05873e-15
0.859579 -8.28067e-05 1.31624e-17 1.29102e-14
0.860582 -6.86654e-05 1.32366e-17 8.10791e-15
0.861585 -5.67391e-05 1.33498e-17 6.78386e-15
0.862588 -4.66456e-05 1.3504e-17 6.43879e-15
0.863591 -3.82177e-05 1.37e-17 1.17185e-14
0.864594 -3.11474e-05 1.39394e-17 1.2671e-14
0.865597 -2.53023e-05 1.42227e-17 4.60802e-15
0.8666 -2.04413e-05 1.4551e-17 -1.16234e-15
0.867603 -1.64627e-05 1.49246e-17 1.47188e-15
0.868606 -1.31825e-05 1.53439e-17 6.56697e-15
0.869609 -1.05245e-05 1.58091e-17 -9.95318e-16
0.870612 -8.35205e-06 1.63201e-17 -5.11555e-15
0.871615 -6.60941e-06 1.68767e-17 -2.35745e-15
0.872618 -5.19746e-06 1.74783e-17 6.62326e-15
0.873621 -4.07637e-06 1.81245e-17 1.56698e-14
0.874624 -3.17592e-06 1.88141e-17 1.35513e-14
0.875627 -2.46834e-06 1.95464e-17 9.81868e-15
0.87663 -1.90499e-06 2.03198e-17 3.35071e-15
0.877633 -1.46694e-06 2.11332e-17 -4.30562e-15
0.878636 -1.12127e-06 2.19844e-17 -5.69541e-15
0.879639 -8.55338e-07 2.28722e-17 2.0887e-16
0.880642 -6.47366e-07 2.37937e-17 3.54828e-15
0.881645 -4.89108e-07 2.47474e-17 2.26933e-15
0.882648 -3.66462e-07 2.573e-17 -4.12134e-15
0.883651 -2.74171e-07 2.67397e-17 -1.61594e-15
0.884654 -2.03304e-07 2.77724e-17 4.35e-15
0.885657 -1.50582e-07 2.88262e-17 6.66494e-15
0.88666 -1.10477e-07 2.98965e-17 1.49671e-15
0.887663 -8.099e-08 3.0981e-17 -2.64334e-15
0.888666 -5.87722e-08 3.20746e-17 -7.12485e-15
0.889669 -4.26325e-08 3.31748e-17 -3.97362e-15
0.890672 -3.05896e-08 3.4276e-17 1.67349e-16
0.891675 -2.19495e-08 3.53754e-17 -7.09536e-16
0.892678 -1.55664e-08 3.6467e-17 -2.18072e-15
0.893681 -1.10454e-08 3.75477e-17 -3.67423e-15
0.894684 -7.73922e-09 3.86113e-17 -4.49892e-15
0.895687 -5.42847e-09 3.96545e-17 -3.45779e-15
0.89669 -3.75623e-09 4.06707e-17 -2.24041e-15
0.897693 -2.60349e-09 4.16565e-17 3.26279e-15
0.898696 -1.77818e-09 4.26052e-17 6.29325e-15
0.899699 -1.21736e-09 4.35135e-17 -5.13899e-17
0.900702 -8.2024e-10 4.43744e-17 -5.89634e-15
0.901705 -5.54388e-10 4.51846e-17 -1.03996e-14
0.902708 -3.68274e-10 4.59374e-17 -3.10642e-15
0.903711 -2.45617e-10 4.66295e-17 3.96419e-15
0.904714 -1.60763e-10 4.72544e-17 3.90586e-15
0.905717 -1.05761e-10 4.7809e-17 -7.24182e-15
0.90672 -6.81769e-11 4.82873e-17 -1.32924e-14
0.907723 -4.42311e-11 4.86864e-17 -7.01209e-15
0.908726 -2.80665e-11 4.90008e-17 -9.4053e-16
0.909729 -1.79419e-11 4.92278e-17 5.26111e-15
0.910732 -1.11863e-11 4.93628e-17 1.9668e-15
0.911735 -7.02614e-12 4.94035e-17 -1.63592e-15
0.912738 -4.28638e-12 4.93459e-17 -2.05595e-15
0.913741 -2.63454e-12 4.91884e-17 -4.72183e-15
0.914744 -1.56788e-12 4.89279e-17 -4.33851e-15
0.915747 -9.45418e-13 4.85632e-17 -3.32189e-15
0.91675 -5.54199e-13 4.80922e-17 -5.13829e-15
0.917753 -3.34939e-13 4.75144e-17 2.2884e-15
0.918756 -1.99314e-13 4.68288e-17 5.47046e-15
0.919759 -1.23927e-13 4.60353e-17 -2.16308e-15
0.920762 -7.53809e-14 4.5134e-17 8.14044e-16
0.921765 -4.59402e-14 4.41254e-17 -4.89013e-15
0.922768 -2.54261e-14 4.30109e-17 -2.87888e-15
0.923771 -1.21857e-14 4.17914e-17 7.66692e-15
0.924774 -4.30394e-15 4.04692e-17 1.0248e-14
0.925777 -1.52496e-15 3.9046e-17 2.00156e-15
0.92678 -3.26481e-15 3.75251e-17 -5.80392e-15
0.927783 -8.69459e-15 3.59085e-17 -6.45862e-15
0.928786 -1.54549e-14 3.42004e-17 -5.42513e-15
0.929789 -2.17621e-14 3.24034e-17 -5.29144e-15
0.930792 -2.43837e-14 3.05224e-17 1.41651e-15
0.931795 -2.24355e-14 2.85603e-17 1.76548e-15
0.932798 -1.61257e-14 2.65228e-17 3.01168e-15
0.933801 -6.97954e-15 2.4413e-17 4.62726e-15
0.934804 1.33066e-15 2.22371e-17 3.23556e-15
0.935807 7.06424e-15 1.99984e-17 -2.20499e-15
0.93681 8.01407e-15 1.77036e-17 -3.12366e-16
0.937813 4.5257e-15 1.5356e-17 2.36249e-15
0.938816 -1.18083e-15 1.29624e-17 3.33699e-16
0.939819 -7.30296e-15 1.05264e-17 -3.63682e-15
0.940822 -1.10257e-14 8.05482e-18 1.02306e-15
0.941825 -1.18712e-14 5.55117e-18 4.69044e-15
0.942828 -1.04256e-14 3.02229e-18 7.05897e-15
0.943831 -7.97157e-15 4.71599e-19 2.78704e-15
0.944835 -6.99478e-15 -2.0942e-18 1.0183e-15
0.945838 -8.57949e-15 -4.67182e-18 5.53192e-16
0.946841 -1.44444e-14 -7.25478e-18 -4.27414e-15
0.947844 -2.48224e-14 -9.83995e-18 -2.75964e-15
0.948847 -3.93905e-14 -1.24212e-17 -1.77083e-16
0.94985 -5.75957e-14 -1.49954e-17 4.59689e-15
0.950853 -7.84456e-14 -1.75569e-17 9.79114e-16
0.951856 -1.01739e-13 -2.01028e-17 -3.86482e-15
0.952859 -1.27954e-13 -2.26278e-17 -5.38683e-15
0.953862 -1.58259e-13 -2.51291e-17 3.14941e-15
0.954865 -1.96282e-13 -2.76017e-17 3.99429e-15
0.955868 -2.44897e-13 -3.00431e-17 -8.18963e-16
0.956871 -3.10156e-13 -3.24486e-17 -3.01716e-15
0.957874 -3.95135e-13 -3.48159e-17 -5.24528e-15
0.958877 -5.05485e-13 -3.71407e-17 -6.57461e-15
0.95988 -6.4388e-13 -3.94207e-17 1.73498e-16
0.960883 -8.16515e-13 -4.16518e-17 5.21966e-15
0.961886 -1.02779e-12 -4.3832e-17 7.34743e-15
0.962889 -1.28992e-12 -4.59575e-17 4.15822e-15
0.963892 -1.61178e-12 -4.80262e-17 -4.40031e-15
0.964895 -2.01504e-12 -5.00347e-17 -1.00949e-14
0.965898 -2.51344e-12 -5.19809e-17 -5.24337e-15
0.966901 -3.1379e-12 -5.38615e-17 -4.74984e-16
0.967904 -3.90677e-12 -5.56747e-17 8.68374e-16
0.968907 -4.86202e-12 -5.74171e-17 1.30251e-15
0.96991 -6.0301e-12 -5.90872e-17 -2.68507e-15
0.970913 -7.47425e-12 -6.06817e-17 -3.06575e-15
0.971916 -9.23599e-12 -6.21991e-17 -2.8597e-15
0.972919 -1.14135e-11 -6.36363e-17 -9.98515e-16
0.973922 -1.40689e-11 -6.49918e-17 -3.98131e-15
0.974925 -1.73459e-11 -6.62628e-17 -4.04766e-15
0.975928 -2.13326e-11 -6.74479e-17 -5.31096e-15
0.976931 -2.62311e-11 -6.85444e-17 -7.54248e-15
0.977934 -3.21658e-11 -6.9551e-17 -2.95546e-15
0.978937 -3.94239e-11 -7.04653e-17 -8.35367e-16
0.97994 -4.81847e-11 -7.12861e-17 1.43943e-15
0.980943 -5.88624e-11 -7.20113e-17 -2.55302e-16
0.981946 -7.17154e-11 -7.264e-17 -9.5964e-15
0.982949 -8.73367e-11 -7.31701e-17 -1.39942e-14
0.983952 -1.06092e-10 -7.3601e-17 -7.81811e-16
0.984955 -1.28815e-10 -7.39312e-17 5.38661e-15
0.985958 -1.56016e-10 -7.41601e-17 -3.11896e-15
0.986961 -1.88851e-10 -7.42865e-17 -9.03607e-15
0.987964 -2.28027e-10 -7.43102e-17 -1.873e-15
0.988967 -2.75144e-10 -7.42304e-17 -4.02615e-17
0.98997 -3.31173e-10 -7.40471e-17 3.94722e-15
0.990973 -3.98315e-10 -7.37601e-17 1.0575e-15
0.991976 -4.779e-10 -7.33695e-17 -1.15903e-14
0.992979 -5.72927e-10 -7.28758e-17 -2.69682e-15
0.993982 -6.85198e-10 -7.22791e-17 7.14259e-15
0.994985 -8.18758e-10 -7.15806e-17 2.92226e-15
0.995988 -9.76025e-10 -7.07807e-17 -3.39462e-15
0.996991 -1.1624e-09 -6.98808e-17 -9.2988e-15
0.997994 -1.3811e-09 -6.88819e-17 -6.18934e-15
0.998997 -1.63928e-09 -6.77859e-17 -8.82574e-16
1 -1.94116e-09 -6.65938e-17 1.82894e-15
