-1.26114512e-01
-6.49971907e-02
4.26270490e-04
6.95794894e-02
1.41794200e-01
2.16317833e-01
2.92323364e-01
3.68921305e-01
4.45173637e-01
5.20109419e-01
5.92741768e-01
6.62085819e-01
7.27177260e-01
7.87091005e-01
8.40959527e-01
8.87990402e-01
9.27482597e-01
9.58841077e-01
9.81589345e-01
9.95379564e-01
1.00000000e+00
9.95379564e-01
9.81589345e-01
9.58841077e-01
9.27482597e-01
8.87990402e-01
8.40959527e-01
7.87091005e-01
7.27177260e-01
6.62085819e-01
5.92741768e-01
5.20109419e-01
4.45173637e-01
3.68921305e-01
2.92323364e-01
2.16317833e-01
1.41794200e-01
6.95794894e-02
4.26270490e-04
-6.49971907e-02
-1.26114512e-01
-1.82446443e-01
-2.33613784e-01
-2.79338044e-01
-3.19439956e-01
-3.53836031e-01
-3.82533350e-01
-4.05622858e-01
-4.23271408e-01
-4.35712857e-01
-4.43238483e-01
-4.46187012e-01
-4.44934522e-01
-4.39884466e-01
-4.31458050e-01
-4.20085139e-01
-4.06195877e-01
-3.90213122e-01
-3.72545818e-01
-3.53583328e-01
-3.33690792e-01
-3.13205481e-01
-2.92434130e-01
-2.71651196e-01
-2.51097984e-01
-2.30982538e-01
-2.11480221e-01
-1.92734880e-01
-1.74860489e-01
-1.57943177e-01
-1.42043545e-01
-1.27199163e-01
-1.13427193e-01
-1.00727029e-01
-8.90829207e-02
-7.84664992e-02
-6.88391793e-02
-6.01543936e-02
-5.23596371e-02
-4.53983053e-02
-3.92113167e-02
-3.37385192e-02
-2.89198836e-02
-2.46964932e-02
-2.10113422e-02
-1.78099581e-02
-1.50408642e-02
-1.26559013e-02
-1.06104261e-02
-8.86340476e-03
-7.37741898e-03
-6.11860030e-03
-5.05650859e-03
-4.16396752e-03
-3.41686939e-03
-2.79395948e-03
-2.27660888e-03
-1.84858310e-03
-1.49581242e-03
-1.20616860e-03
-9.69251586e-04
-7.76188698e-04
-6.19448022e-04
-4.92666989e-04
-3.90496539e-04
-3.08460793e-04
-2.42831806e-04
-1.90518695e-04
-1.48970240e-04
-1.16089959e-04
-9.01625563e-05
-6.97906549e-05
-5.38407112e-05
-4.13970706e-05
-3.17231632e-05
-2.42289202e-05
-1.84435656e-05
-1.39930189e-05
-1.05812272e-05
-7.97482280e-06
-5.99057676e-06
-4.48519126e-06
-3.34703383e-06
-2.48947657e-06
-1.84555387e-06
-1.36369745e-06
-1.00434694e-06
-7.37268509e-07
-5.39442926e-07
-3.93409521e-07
-2.85973228e-07
-2.07199445e-07
-1.49635971e-07
-1.07713242e-07
-7.72839438e-08
-5.52710769e-08
-3.94000151e-08
-2.79953540e-08
-1.98274981e-08
-1.39972746e-08
-9.84949252e-09
-6.90844335e-09
-4.82996133e-09
-3.36593184e-09
-2.33811714e-09
-1.61892804e-09
-1.11735243e-09
-7.68696939e-10
-5.27136926e-10
-3.60326317e-10
-2.45512553e-10
-1.66746796e-10
-1.12888120e-10
-7.61810205e-11
-5.12452917e-11
-3.43613804e-11
-2.29666410e-11
-1.53015484e-11
-1.01621373e-11
-6.72740006e-12
-4.43938379e-12
-2.92019651e-12
-1.91476774e-12
-1.25151322e-12
-8.15400090e-13
-5.29569164e-13
-3.42840306e-13
-2.21247784e-13
-1.42326071e-13
-9.12660082e-14
-5.83382365e-14
-3.71721558e-14
-2.36103796e-14
-1.49489090e-14
-9.43491240e-15
-5.93592779e-15
-3.72273585e-15
-2.32733665e-15
-1.45037419e-15
-9.01000978e-16
-5.57949998e-16
-3.44421757e-16
-2.11939355e-16
-1.30004629e-16
-7.94936860e-17
-4.84544306e-17
-2.94416275e-17
-1.78327369e-17
-1.07671922e-17
-6.48060570e-18
-3.88828231e-18
-2.32557003e-18
-1.38653510e-18
-8.24066953e-19
-4.88230236e-19
-2.88348532e-19
-1.69762618e-19
-9.96317990e-20
-5.82888929e-20
-3.39942839e-20
-1.97632592e-20
-1.14536561e-20
-6.61702721e-21
-3.81079182e-21
-2.18776844e-21
-1.25204980e-21
-7.14292792e-22
-4.06224053e-22
-2.30297905e-22
-1.30151628e-22
-7.33237655e-23
-4.11789931e-23
-2.30538126e-23
-1.28660764e-23
-7.15790756e-24
-3.96974753e-24
-2.19470816e-24
-1.20956164e-24
-6.64533396e-25
-3.63951429e-25
-1.98704679e-25
-1.08146143e-25
-5.86749160e-26
-3.17345720e-26
-1.71100689e-26
-9.19623439e-27
-4.92728496e-27
-2.63175168e-27
-1.40127034e-27
-7.43770487e-28
-3.93546584e-28
-2.07583936e-28
-1.09152057e-28
-5.72151293e-29
-2.98972201e-29
-1.55737029e-29
-8.08712765e-30
-4.18637596e-30
-2.16034869e-30
-1.11135127e-30
-5.69929177e-31
-2.91361824e-31
-1.48486438e-31
-7.54368386e-32
-3.82052359e-32
-1.92887982e-32
-9.70801609e-33
-4.87078544e-33
-2.43618834e-33
-1.21469214e-33
-6.03761252e-34
-2.99163121e-34
-1.47772908e-34
-7.27655274e-35
-3.57191224e-35
-1.74791479e-35
-8.52676420e-36
-4.14660728e-36
-2.01023278e-36
-9.71504286e-37
-4.68045582e-37
-2.24789888e-37
-1.07624391e-37
-5.13676969e-38
-2.44407794e-38
-1.15927296e-38
-5.48153484e-39
-2.58383391e-39
-1.21415202e-39
-5.68758266e-40
-2.65600367e-40
-1.23644849e-40
-5.73812381e-41
-2.65466936e-41
-1.22432779e-41
-5.62900764e-42
-2.57995978e-42
-1.17880266e-42
-5.36928503e-43
-2.43803029e-43
-1.10359347e-43
-4.97996902e-44
-2.24022558e-44
-1.00462632e-44
-4.49122846e-45
-2.00158312e-45
-8.89262742e-46
-3.93853442e-46
-1.73895109e-46
-7.65399827e-47
-3.35844091e-47
-1.46904641e-47
-6.40592516e-48
-2.78468988e-48
-1.20675896e-48
-5.21330378e-49
-2.24519686e-49
-9.63928446e-50
-4.12557256e-50
-1.76024374e-50
-7.48704793e-51
-3.17466372e-51
-1.34194351e-51
-5.65483852e-52
-2.37550381e-52
-9.94811692e-53
-4.15313200e-53
-1.72846412e-53
-7.17124995e-54
-2.96605556e-54
-1.22296410e-54
-5.02687647e-55
-2.05983707e-55
-8.41429526e-56
-3.42651723e-56
-1.39103627e-56
-5.62955964e-57
-2.27122885e-57
-9.13477675e-58
-3.66256734e-58
-1.46394244e-58
-5.83328448e-59
-2.31714466e-59
-9.17580214e-60
-3.62231235e-60
-1.42553795e-60
-5.59271590e-61
-2.18734803e-61
-8.52833465e-62
-3.31483453e-62
-1.28443110e-62
-4.96147910e-63
-1.91057009e-63
-7.33442882e-64
-2.80686286e-64
-1.07084772e-64
-4.07273291e-65
-1.54417275e-65
-5.83656918e-66
-2.19923301e-66
-8.26107874e-67
-3.09352936e-67
-1.15484511e-67
-4.29779114e-68
-1.59447971e-68
-5.89718649e-69
-2.17431747e-69
-7.99196045e-70
-2.92843795e-70
-1.06972244e-70
-3.89545881e-71
-1.41416019e-71
-5.11789207e-72
-1.84644432e-72
-6.64100694e-73
-2.38113667e-73
-8.51113411e-74
-3.03279678e-74
-1.07733805e-74
-3.81516694e-75
-1.34687719e-75
-4.74018616e-76
-1.66309016e-76
-5.81686824e-77
-2.02822318e-77
-7.05010174e-78
-2.44302660e-78
-8.43945143e-79
-2.90638736e-79
-9.97805904e-80
-3.41501001e-80
-1.16517531e-80
-3.96318171e-81
-1.34384803e-81
-4.54265582e-82
-1.53081620e-82
-5.14268409e-83
-1.72230580e-83
-5.75021841e-84
-1.91386859e-84
-6.35029098e-85
-2.10053011e-85
-6.92656648e-86
-2.27698910e-86
-7.46204362e-87
-2.43785874e-87
-7.93986741e-88
-2.57793497e-88
-8.34419986e-89
-2.69247391e-89
-8.66108720e-90
-2.77745771e-90
-8.87925791e-91
-2.82982834e-91
-8.99078792e-92
-2.84767018e-92
-8.99157828e-93
-2.83032633e-93
-8.88160525e-94
-2.77843876e-94
-8.66492141e-95
-2.69390886e-95
-8.34940779e-96
-2.57978184e-96
-7.94629813e-97
-2.44006461e-97
-7.46951537e-98
-2.27949258e-98
-6.93487489e-99
-2.10326404e-99
-6.35921801e-100
-1.91676297e-100
-5.75954153e-101
-1.72529060e-101
-5.15218522e-102
-1.53382416e-102
-4.55212946e-103
-1.34681700e-103
-3.97244191e-104
-1.16805026e-104
-3.42389583e-105
-1.00054038e-105
-2.91476664e-106
-8.46502177e-107
-2.45079798e-107
-7.07362647e-108
-2.03531640e-108
-5.83817307e-109
-1.66946474e-109
-4.75918751e-110
-1.35251996e-110
-3.83186220e-111
-1.08225957e-111
-3.04725198e-112
-8.55343790e-113
-2.39347268e-113
-6.67685120e-114
-1.85682254e-114
-5.14783485e-115
-1.42276882e-115
-3.92012237e-116
-1.07676389e-116
-2.94847157e-117
-8.04876090e-118
-2.19036633e-118
-5.94237631e-119
-1.60716046e-119
-4.33325296e-120
-1.16472818e-120
-3.12097927e-121
-8.33706075e-122
-2.22019363e-122
-5.89419589e-123
-1.55996238e-123
-4.11585017e-124
-1.08258219e-124
-2.83869095e-125
-7.42046776e-126
-1.93375035e-126
-5.02372093e-127
-1.30108779e-127
-3.35926076e-128
-8.64643079e-129
-2.21863612e-129
-5.67533327e-130
-1.44728066e-130
-3.67934290e-131
-9.32489414e-132
-2.35599147e-132
-5.93416607e-133
-1.49005354e-133
-3.72992647e-134
-9.30796845e-135
-2.31561199e-135
-5.74292242e-136
-1.41989556e-136
-3.49974310e-137
-8.59948138e-138
-2.10651571e-138
-5.14414867e-139
-1.25232977e-139
-3.03934711e-140
-7.35357150e-141
-1.77366982e-141
-4.26484928e-142
-1.02232993e-142
-2.44306461e-143
-5.82016556e-144
-1.38226799e-144
-3.27269632e-145
-7.72459510e-146
-1.81761676e-146
-4.26368886e-147
-9.97069207e-148
-2.32445814e-148
-5.40225151e-149
-1.25165469e-149
-2.89101893e-150
-6.65693069e-151
-1.52810728e-151
-3.49695768e-152
-7.97780930e-153
-1.81440269e-153
-4.11377452e-154
-9.29831114e-155
-2.09519509e-155
-4.70653921e-156
-1.05398815e-156
-2.35302545e-157
-5.23690125e-158
-1.16192748e-158
-2.57004400e-159
-5.66707554e-160
-1.24575996e-160
-2.73002532e-161
-5.96425130e-162
-1.29897909e-162
-2.82036534e-163
-6.10471753e-164
-1.31729423e-164
-2.83372062e-165
-6.07698702e-166
-1.29920188e-166
-2.76899415e-167
-5.88334772e-168
-1.24618951e-168
-2.63148422e-169
-5.53955109e-170
-1.16253359e-170
-2.43216813e-171
-5.07269603e-172
-1.05472991e-172
-2.18625527e-173
-4.51770302e-174
-9.30661400e-175
-1.91127400e-175
-3.91301436e-176
-7.98651265e-177
-1.62502554e-177
-3.29625254e-178
-6.66558165e-179
-1.34373284e-179
-2.70050587e-180
-5.41046568e-181
-1.08064117e-181
-2.15171982e-182
-4.27117433e-183
-8.45213163e-184
-1.66741074e-184
-3.27926365e-185
-6.42935623e-186
-1.25665501e-186
-2.44862388e-187
-4.75647852e-188
-9.21099314e-189
-1.77821737e-189
-3.42232082e-190
-6.56619964e-191
-1.25592860e-191
-2.39482253e-192
-4.55238774e-193
-8.62705753e-194
-1.62983520e-194
-3.06960328e-195
-5.76339491e-196
-1.07877802e-196
-2.01299823e-197
-3.74465921e-198
-6.94446545e-199
-1.28387567e-199
-2.36627246e-200
-4.34774613e-201
-7.96381681e-202
-1.45423975e-202
-2.64733219e-203
-4.80439335e-204
-8.69213316e-205
-1.56773225e-205
-2.81887055e-206
-5.05284646e-207
-9.02931508e-208
-1.60853777e-208
-2.85670554e-209
-5.05775115e-210
-8.92703458e-211
-1.57077783e-211
-2.75537116e-212
-4.81840455e-213
-8.40009559e-214
-1.45989971e-214
-2.52941246e-215
-4.36892036e-216
-7.52292026e-217
-1.29138772e-217
-2.20996156e-218
-3.77025452e-219
-6.41231002e-220
-1.08721705e-220
-1.83770546e-221
-3.09665967e-222
-5.20198360e-223
-8.71169006e-224
-1.45443327e-224
-2.42071208e-225
-4.01652468e-226
-6.64378721e-227
-1.09556707e-227
-1.80102697e-228
-2.95161332e-229
-4.82232763e-230
-7.85438131e-231
-1.27533792e-231
-2.06441307e-232
-3.33139375e-233
-5.35936558e-234
-8.59525681e-235
-1.37423941e-235
-2.19040294e-236
-3.48051663e-237
-5.51342540e-238
-8.70677640e-239
-1.37072833e-239
-2.15131250e-240
-3.36599708e-241
-5.25027561e-242
-8.16410549e-243
-1.26559066e-243
-1.95585237e-244
-3.01326302e-245
-4.62803020e-246
-7.08620162e-247
-1.08165562e-247
-1.64597302e-248
-2.49697742e-249
-3.77628469e-250
-5.69341781e-251
-8.55735618e-252
-1.28222545e-252
-1.91534678e-253
-2.85225721e-254
-4.23436422e-255
-6.26680234e-256
-9.24617376e-257
-1.35999209e-257
-1.99420130e-258
-2.91514323e-259
-4.24824054e-260
-6.17186765e-261
-8.93886590e-262
-1.29064427e-262
-1.85775749e-263
-2.66581382e-264
-3.81354566e-265
-5.43859140e-266
-7.73218554e-267
-1.09591397e-267
-1.54849221e-268
-2.18122247e-269
-3.06301611e-270
-4.28802182e-271
-5.98443406e-272
-8.32621435e-273
-1.15486308e-273
-1.59687830e-274
-2.20126112e-275
-3.02503033e-276
-4.14425375e-277
-5.66006456e-278
-7.70645909e-279
-1.04603646e-279
-1.41545879e-280
-1.90944037e-281
-2.56787243e-282
-3.44270069e-283
-4.60133204e-284
-6.13093022e-285
-8.14381069e-286
-1.07841885e-286
-1.42365835e-287
-1.87362471e-288
-2.45820419e-289
-3.21522840e-290
-4.19241475e-291
-5.44973257e-292
-7.06227603e-293
-9.12373657e-294
-1.17505811e-294
-1.50870565e-295
-1.93111554e-296
-2.46416949e-297
-3.13466745e-298
-3.97530963e-299
-5.02584442e-300
-6.33440343e-301
-7.95904580e-302
-9.96953490e-303
-1.24493710e-303
-1.54981029e-304
-1.92339419e-305
-2.37966977e-306
-2.93510556e-307
-3.60902093e-308
-4.42398583e-309
-5.40625726e-310
-6.58625210e-311
-7.99905454e-312
-9.68495567e-313
-1.16900210e-313
-1.40666804e-314
-1.68743572e-315
-2.01803163e-316
-2.40598161e-317
-2.85850079e-318
-3.36409298e-319
-3.66695522e-320
-7.35663747e-321
-0.00000000e+00
-0.00000000e+00
-0.00000000e+00
-0.00000000e+00
-0.00000000e+00
-0.00000000e+00
-0.00000000e+00
-0.00000000e+00
-0.00000000e+00
-0.00000000e+00
-0.00000000e+00
-0.00000000e+00
-0.00000000e+00
-0.00000000e+00
-0.00000000e+00
-0.00000000e+00
-0.00000000e+00
-0.00000000e+00
-0.00000000e+00
-0.00000000e+00
-0.00000000e+00
-0.00000000e+00
-0.00000000e+00
-0.00000000e+00
-0.00000000e+00
-0.00000000e+00
-0.00000000e+00
-0.00000000e+00
-0.00000000e+00
-0.00000000e+00
-0.00000000e+00
-0.00000000e+00
-0.00000000e+00
-0.00000000e+00
-0.00000000e+00
-0.00000000e+00
-0.00000000e+00
-0.00000000e+00
-0.00000000e+00
-0.00000000e+00
-0.00000000e+00
-0.00000000e+00
-0.00000000e+00
-0.00000000e+00
-0.00000000e+00
-0.00000000e+00
-0.00000000e+00
-0.00000000e+00
-0.00000000e+00
-0.00000000e+00
-0.00000000e+00
-0.00000000e+00
-0.00000000e+00
-0.00000000e+00
-0.00000000e+00
-0.00000000e+00
-0.00000000e+00
-0.00000000e+00
-0.00000000e+00
-0.00000000e+00
-0.00000000e+00
-0.00000000e+00
-0.00000000e+00
-0.00000000e+00
-0.00000000e+00
-0.00000000e+00
-0.00000000e+00
-0.00000000e+00
-0.00000000e+00
-0.00000000e+00
-0.00000000e+00
-0.00000000e+00
-0.00000000e+00
-0.00000000e+00
-0.00000000e+00
-0.00000000e+00
-0.00000000e+00
-0.00000000e+00
-0.00000000e+00
-0.00000000e+00
-0.00000000e+00
-0.00000000e+00
-0.00000000e+00
-0.00000000e+00
-0.00000000e+00
-0.00000000e+00
-0.00000000e+00
-0.00000000e+00
-0.00000000e+00
-0.00000000e+00
-0.00000000e+00
-0.00000000e+00
-0.00000000e+00
-0.00000000e+00
-0.00000000e+00
-0.00000000e+00
-0.00000000e+00
-0.00000000e+00
-0.00000000e+00
-0.00000000e+00
-0.00000000e+00
-0.00000000e+00
-0.00000000e+00
-0.00000000e+00
-0.00000000e+00
-0.00000000e+00
-0.00000000e+00
-0.00000000e+00
-0.00000000e+00
-0.00000000e+00
-0.00000000e+00
-0.00000000e+00
-0.00000000e+00
-0.00000000e+00
-0.00000000e+00
-0.00000000e+00
-0.00000000e+00
-0.00000000e+00
-0.00000000e+00
-0.00000000e+00
-0.00000000e+00
-0.00000000e+00
-0.00000000e+00
-0.00000000e+00
-0.00000000e+00
-0.00000000e+00
-0.00000000e+00
-0.00000000e+00
-0.00000000e+00
-0.00000000e+00
-0.00000000e+00
-0.00000000e+00
-0.00000000e+00
-0.00000000e+00
-0.00000000e+00
-0.00000000e+00
-0.00000000e+00
-0.00000000e+00
-0.00000000e+00
-0.00000000e+00
-0.00000000e+00
-0.00000000e+00
-0.00000000e+00
-0.00000000e+00
-0.00000000e+00
-0.00000000e+00
-0.00000000e+00
-0.00000000e+00
-0.00000000e+00
-0.00000000e+00
-0.00000000e+00
-0.00000000e+00
-0.00000000e+00
-0.00000000e+00
-0.00000000e+00
-0.00000000e+00
-0.00000000e+00
-0.00000000e+00
-0.00000000e+00
-0.00000000e+00
-0.00000000e+00
-0.00000000e+00
-0.00000000e+00
-0.00000000e+00
-0.00000000e+00
-0.00000000e+00
-0.00000000e+00
-0.00000000e+00
-0.00000000e+00
-0.00000000e+00
-0.00000000e+00
-0.00000000e+00
-0.00000000e+00
-0.00000000e+00
-0.00000000e+00
-0.00000000e+00
-0.00000000e+00
-0.00000000e+00
-0.00000000e+00
-0.00000000e+00
-0.00000000e+00
-0.00000000e+00
-0.00000000e+00
-0.00000000e+00
-0.00000000e+00
-0.00000000e+00
-0.00000000e+00
-0.00000000e+00
-0.00000000e+00
-0.00000000e+00
-0.00000000e+00
-0.00000000e+00
-0.00000000e+00
-0.00000000e+00
-0.00000000e+00
-0.00000000e+00
-0.00000000e+00
-0.00000000e+00
-0.00000000e+00
-0.00000000e+00
-0.00000000e+00
-0.00000000e+00
-0.00000000e+00
-0.00000000e+00
-0.00000000e+00
-0.00000000e+00
-0.00000000e+00
-0.00000000e+00
-0.00000000e+00
-0.00000000e+00
-0.00000000e+00
-0.00000000e+00
-0.00000000e+00
-0.00000000e+00
-0.00000000e+00
-0.00000000e+00
-0.00000000e+00
-0.00000000e+00
-0.00000000e+00
-0.00000000e+00
-0.00000000e+00
-0.00000000e+00
-0.00000000e+00
-0.00000000e+00
-0.00000000e+00
-0.00000000e+00
-0.00000000e+00
-0.00000000e+00
-0.00000000e+00
-0.00000000e+00
-0.00000000e+00
-0.00000000e+00
-0.00000000e+00
-0.00000000e+00
-0.00000000e+00
-0.00000000e+00
-0.00000000e+00
-0.00000000e+00
-0.00000000e+00
-0.00000000e+00
-0.00000000e+00
-0.00000000e+00
-0.00000000e+00
-0.00000000e+00
-0.00000000e+00
-0.00000000e+00
-0.00000000e+00
-0.00000000e+00
-0.00000000e+00
-0.00000000e+00
-0.00000000e+00
-0.00000000e+00
-0.00000000e+00
-0.00000000e+00
-0.00000000e+00
-0.00000000e+00
-0.00000000e+00
-0.00000000e+00
-0.00000000e+00
-0.00000000e+00
-0.00000000e+00
-0.00000000e+00
-0.00000000e+00
-0.00000000e+00
-0.00000000e+00
-0.00000000e+00
-0.00000000e+00
-0.00000000e+00
-0.00000000e+00
-0.00000000e+00
-0.00000000e+00
-0.00000000e+00
-0.00000000e+00
-0.00000000e+00
-0.00000000e+00
-0.00000000e+00
-0.00000000e+00
-0.00000000e+00
-0.00000000e+00
-0.00000000e+00
-0.00000000e+00
-0.00000000e+00
-0.00000000e+00
-0.00000000e+00
-0.00000000e+00
-0.00000000e+00
-0.00000000e+00
-0.00000000e+00
-0.00000000e+00
-0.00000000e+00
-0.00000000e+00
-0.00000000e+00
-0.00000000e+00
-0.00000000e+00
-0.00000000e+00
-0.00000000e+00
-0.00000000e+00
-0.00000000e+00
-0.00000000e+00
-0.00000000e+00
-0.00000000e+00
-0.00000000e+00
-0.00000000e+00
-0.00000000e+00
-0.00000000e+00
-0.00000000e+00
-0.00000000e+00
-0.00000000e+00
-0.00000000e+00
-0.00000000e+00
-0.00000000e+00
-0.00000000e+00
-0.00000000e+00
-0.00000000e+00
-0.00000000e+00
-0.00000000e+00
-0.00000000e+00
-0.00000000e+00
-0.00000000e+00
-0.00000000e+00
-0.00000000e+00
-0.00000000e+00
-0.00000000e+00
-0.00000000e+00
-0.00000000e+00
-0.00000000e+00
-0.00000000e+00
-0.00000000e+00
-0.00000000e+00
-0.00000000e+00
-0.00000000e+00
-0.00000000e+00
-0.00000000e+00
-0.00000000e+00
-0.00000000e+00
-0.00000000e+00
-0.00000000e+00
-0.00000000e+00
-0.00000000e+00
-0.00000000e+00
-0.00000000e+00
-0.00000000e+00
-0.00000000e+00
-0.00000000e+00
-0.00000000e+00
-0.00000000e+00
-0.00000000e+00
-0.00000000e+00
-0.00000000e+00
-0.00000000e+00
-0.00000000e+00
-0.00000000e+00
-0.00000000e+00
-0.00000000e+00
-0.00000000e+00
-0.00000000e+00
-0.00000000e+00
-0.00000000e+00
-0.00000000e+00
-0.00000000e+00
-0.00000000e+00
-0.00000000e+00
-0.00000000e+00
-0.00000000e+00
-0.00000000e+00
-0.00000000e+00
-0.00000000e+00
-0.00000000e+00
-0.00000000e+00
-0.00000000e+00
-0.00000000e+00
-0.00000000e+00
-0.00000000e+00
-0.00000000e+00
-0.00000000e+00
-0.00000000e+00
-0.00000000e+00
-0.00000000e+00
-0.00000000e+00
-0.00000000e+00
-0.00000000e+00
-0.00000000e+00
-0.00000000e+00
-0.00000000e+00
-0.00000000e+00
-0.00000000e+00
-0.00000000e+00
-0.00000000e+00
-0.00000000e+00
-0.00000000e+00
-0.00000000e+00
-0.00000000e+00
-0.00000000e+00
-0.00000000e+00
-0.00000000e+00
-0.00000000e+00
-0.00000000e+00
-0.00000000e+00
-0.00000000e+00
-0.00000000e+00
-0.00000000e+00
-0.00000000e+00
-0.00000000e+00
-0.00000000e+00
-0.00000000e+00
-0.00000000e+00
-0.00000000e+00
-0.00000000e+00
-0.00000000e+00
-0.00000000e+00
-0.00000000e+00
-0.00000000e+00
-0.00000000e+00
-0.00000000e+00
-0.00000000e+00
-0.00000000e+00
-0.00000000e+00
-0.00000000e+00
-0.00000000e+00
-0.00000000e+00
-0.00000000e+00
-0.00000000e+00
-0.00000000e+00
-0.00000000e+00
-0.00000000e+00
-0.00000000e+00
-0.00000000e+00
-0.00000000e+00
-0.00000000e+00
-0.00000000e+00
-0.00000000e+00
-0.00000000e+00
-0.00000000e+00
-0.00000000e+00
-0.00000000e+00
-0.00000000e+00
-0.00000000e+00
-0.00000000e+00
-0.00000000e+00
-0.00000000e+00
-0.00000000e+00
-0.00000000e+00
-0.00000000e+00
-0.00000000e+00
-0.00000000e+00
-0.00000000e+00
-0.00000000e+00
-0.00000000e+00
-0.00000000e+00
-0.00000000e+00
-0.00000000e+00
-0.00000000e+00
-0.00000000e+00
-0.00000000e+00
-0.00000000e+00
-0.00000000e+00
-0.00000000e+00
-0.00000000e+00
-0.00000000e+00
-0.00000000e+00
-0.00000000e+00
-0.00000000e+00
-0.00000000e+00
-0.00000000e+00
-0.00000000e+00
-0.00000000e+00
-0.00000000e+00
-0.00000000e+00
-0.00000000e+00
-0.00000000e+00
-0.00000000e+00
-0.00000000e+00
-0.00000000e+00
-0.00000000e+00
-0.00000000e+00
-0.00000000e+00
-0.00000000e+00
-0.00000000e+00
-0.00000000e+00
-0.00000000e+00
-0.00000000e+00
-0.00000000e+00
-0.00000000e+00
-0.00000000e+00
-0.00000000e+00
-0.00000000e+00
-0.00000000e+00
-0.00000000e+00
-0.00000000e+00
-0.00000000e+00
-0.00000000e+00
-0.00000000e+00
-0.00000000e+00
-0.00000000e+00
-0.00000000e+00
-0.00000000e+00
-0.00000000e+00
-0.00000000e+00
-0.00000000e+00
-0.00000000e+00
-0.00000000e+00
-0.00000000e+00
-0.00000000e+00
-0.00000000e+00
-0.00000000e+00
-0.00000000e+00
-0.00000000e+00
-0.00000000e+00
-0.00000000e+00
-0.00000000e+00
-0.00000000e+00
-0.00000000e+00
-0.00000000e+00
-0.00000000e+00
-0.00000000e+00
-0.00000000e+00
-0.00000000e+00
-0.00000000e+00
-0.00000000e+00
-0.00000000e+00
-0.00000000e+00
-0.00000000e+00
-0.00000000e+00
-0.00000000e+00
-0.00000000e+00
-0.00000000e+00
-0.00000000e+00
-0.00000000e+00
-0.00000000e+00
-0.00000000e+00
-0.00000000e+00
-0.00000000e+00
-0.00000000e+00
-0.00000000e+00
-0.00000000e+00
-0.00000000e+00
-0.00000000e+00
-0.00000000e+00
-0.00000000e+00
-0.00000000e+00
-0.00000000e+00
-0.00000000e+00
-0.00000000e+00
-0.00000000e+00
-0.00000000e+00
-0.00000000e+00
-0.00000000e+00
-0.00000000e+00
-0.00000000e+00
-0.00000000e+00
-0.00000000e+00
-0.00000000e+00
-0.00000000e+00
-0.00000000e+00
-0.00000000e+00
-0.00000000e+00
-0.00000000e+00
-0.00000000e+00
-0.00000000e+00
-0.00000000e+00
-0.00000000e+00
-0.00000000e+00
-0.00000000e+00
-0.00000000e+00
-0.00000000e+00
-0.00000000e+00
-0.00000000e+00
-0.00000000e+00
-0.00000000e+00
-0.00000000e+00
-0.00000000e+00
-0.00000000e+00
-0.00000000e+00
-0.00000000e+00
-0.00000000e+00
-0.00000000e+00
-0.00000000e+00
-0.00000000e+00
-0.00000000e+00
-0.00000000e+00
-0.00000000e+00
-0.00000000e+00
-0.00000000e+00
-0.00000000e+00
-0.00000000e+00
-0.00000000e+00
-0.00000000e+00
-0.00000000e+00
-0.00000000e+00
-0.00000000e+00
-0.00000000e+00
-0.00000000e+00
-0.00000000e+00
-0.00000000e+00
-0.00000000e+00
-0.00000000e+00
-0.00000000e+00
-0.00000000e+00
-0.00000000e+00
-0.00000000e+00
-0.00000000e+00
-0.00000000e+00
-0.00000000e+00
-0.00000000e+00
-0.00000000e+00
-0.00000000e+00
-0.00000000e+00
-0.00000000e+00
-0.00000000e+00
-0.00000000e+00
-0.00000000e+00
-0.00000000e+00
-0.00000000e+00
-0.00000000e+00
-0.00000000e+00
-0.00000000e+00
-0.00000000e+00
-0.00000000e+00
-0.00000000e+00
-0.00000000e+00
-0.00000000e+00
-0.00000000e+00
-0.00000000e+00
-0.00000000e+00
-0.00000000e+00
-0.00000000e+00
-0.00000000e+00
-0.00000000e+00
-0.00000000e+00
-0.00000000e+00
-0.00000000e+00
-0.00000000e+00
-0.00000000e+00
-0.00000000e+00
-0.00000000e+00
-0.00000000e+00
-0.00000000e+00
-0.00000000e+00
-0.00000000e+00
-0.00000000e+00
-0.00000000e+00
-0.00000000e+00
-0.00000000e+00
-0.00000000e+00
-0.00000000e+00
-0.00000000e+00
-0.00000000e+00
-0.00000000e+00
-0.00000000e+00
-0.00000000e+00
-0.00000000e+00
-0.00000000e+00
-0.00000000e+00
-0.00000000e+00
-0.00000000e+00
-0.00000000e+00
-0.00000000e+00
-0.00000000e+00
-0.00000000e+00
-0.00000000e+00
-0.00000000e+00
-0.00000000e+00
-0.00000000e+00
-0.00000000e+00
-0.00000000e+00
-0.00000000e+00
-0.00000000e+00
-0.00000000e+00
-0.00000000e+00
-0.00000000e+00
-0.00000000e+00
-0.00000000e+00
-0.00000000e+00
-0.00000000e+00
-0.00000000e+00
-0.00000000e+00
-0.00000000e+00
-0.00000000e+00
-0.00000000e+00
-0.00000000e+00
-0.00000000e+00
-0.00000000e+00
-0.00000000e+00
-0.00000000e+00
-0.00000000e+00
-0.00000000e+00
-0.00000000e+00
-0.00000000e+00
-0.00000000e+00
-0.00000000e+00
-0.00000000e+00
-0.00000000e+00
-0.00000000e+00
-0.00000000e+00
-0.00000000e+00
-0.00000000e+00
-0.00000000e+00
-0.00000000e+00
-0.00000000e+00
-0.00000000e+00
-0.00000000e+00
-0.00000000e+00
-0.00000000e+00
-0.00000000e+00
-0.00000000e+00
-0.00000000e+00
-0.00000000e+00
-0.00000000e+00
-0.00000000e+00
-0.00000000e+00
-0.00000000e+00
-0.00000000e+00
-0.00000000e+00
-0.00000000e+00
-0.00000000e+00
-0.00000000e+00
-0.00000000e+00
-0.00000000e+00
-0.00000000e+00
-0.00000000e+00
-0.00000000e+00
-0.00000000e+00
-0.00000000e+00
-0.00000000e+00
-0.00000000e+00
-0.00000000e+00
-0.00000000e+00
-0.00000000e+00
-0.00000000e+00
-0.00000000e+00
-0.00000000e+00
-0.00000000e+00
-0.00000000e+00
-0.00000000e+00
-0.00000000e+00
-0.00000000e+00
-0.00000000e+00
-0.00000000e+00
-0.00000000e+00
-0.00000000e+00
-0.00000000e+00
-0.00000000e+00
-0.00000000e+00
-0.00000000e+00
-0.00000000e+00
-0.00000000e+00
-0.00000000e+00
-0.00000000e+00
-0.00000000e+00
-0.00000000e+00
-0.00000000e+00
-0.00000000e+00
-0.00000000e+00
-0.00000000e+00
-0.00000000e+00
-0.00000000e+00
-0.00000000e+00
-0.00000000e+00
-0.00000000e+00
-0.00000000e+00
-0.00000000e+00
-0.00000000e+00
-0.00000000e+00
-0.00000000e+00
-0.00000000e+00
-0.00000000e+00
-0.00000000e+00
-0.00000000e+00
-0.00000000e+00
-0.00000000e+00
-0.00000000e+00
-0.00000000e+00
-0.00000000e+00
-0.00000000e+00
-0.00000000e+00
-0.00000000e+00
-0.00000000e+00
-0.00000000e+00
-0.00000000e+00
-0.00000000e+00
-0.00000000e+00
-0.00000000e+00
-0.00000000e+00
-0.00000000e+00
-0.00000000e+00
-0.00000000e+00
-0.00000000e+00
-0.00000000e+00
-0.00000000e+00
-0.00000000e+00
-0.00000000e+00
-0.00000000e+00
-0.00000000e+00
-0.00000000e+00
-0.00000000e+00
-0.00000000e+00
-0.00000000e+00
-0.00000000e+00
-0.00000000e+00
-0.00000000e+00
-0.00000000e+00
-0.00000000e+00
-0.00000000e+00
-0.00000000e+00
-0.00000000e+00
-0.00000000e+00
-0.00000000e+00
-0.00000000e+00
-0.00000000e+00
-0.00000000e+00
-0.00000000e+00
-0.00000000e+00
-0.00000000e+00
-0.00000000e+00
-0.00000000e+00
-0.00000000e+00
-0.00000000e+00
-0.00000000e+00
-0.00000000e+00
-0.00000000e+00
-0.00000000e+00
-0.00000000e+00
-0.00000000e+00
-0.00000000e+00
-0.00000000e+00
-0.00000000e+00
-0.00000000e+00
-0.00000000e+00
-0.00000000e+00
-0.00000000e+00
-0.00000000e+00
-0.00000000e+00
-0.00000000e+00
-0.00000000e+00
-0.00000000e+00
-0.00000000e+00
-0.00000000e+00
-0.00000000e+00
-0.00000000e+00
-0.00000000e+00
-0.00000000e+00
-0.00000000e+00
-0.00000000e+00
-0.00000000e+00
-0.00000000e+00
-0.00000000e+00
-0.00000000e+00
-0.00000000e+00
-0.00000000e+00
-0.00000000e+00
-0.00000000e+00
-0.00000000e+00
-0.00000000e+00
-0.00000000e+00
-0.00000000e+00
-0.00000000e+00
-0.00000000e+00
-0.00000000e+00
-0.00000000e+00
-0.00000000e+00
-0.00000000e+00
-0.00000000e+00
-0.00000000e+00
-0.00000000e+00
-0.00000000e+00
-0.00000000e+00
-0.00000000e+00
-0.00000000e+00
-0.00000000e+00
-0.00000000e+00
-0.00000000e+00
-0.00000000e+00
-0.00000000e+00
-0.00000000e+00
-0.00000000e+00
-0.00000000e+00
-0.00000000e+00
-0.00000000e+00
-0.00000000e+00
-0.00000000e+00
-0.00000000e+00
-0.00000000e+00
-0.00000000e+00
-0.00000000e+00
-0.00000000e+00
-0.00000000e+00
-0.00000000e+00
-0.00000000e+00
-0.00000000e+00
-0.00000000e+00
-0.00000000e+00
-0.00000000e+00
-0.00000000e+00
-0.00000000e+00
-0.00000000e+00
-0.00000000e+00
-0.00000000e+00
-0.00000000e+00
-0.00000000e+00
-0.00000000e+00
-0.00000000e+00
-0.00000000e+00
-0.00000000e+00
-0.00000000e+00
-0.00000000e+00
-0.00000000e+00
-0.00000000e+00
-0.00000000e+00
-0.00000000e+00
-0.00000000e+00
-0.00000000e+00
-0.00000000e+00
-0.00000000e+00
-0.00000000e+00
-0.00000000e+00
-0.00000000e+00
-0.00000000e+00
-0.00000000e+00
-0.00000000e+00
-0.00000000e+00
-0.00000000e+00
-0.00000000e+00
-0.00000000e+00
-0.00000000e+00
-0.00000000e+00
-0.00000000e+00
-0.00000000e+00
-0.00000000e+00
-0.00000000e+00
-0.00000000e+00
-0.00000000e+00
-0.00000000e+00
-0.00000000e+00
-0.00000000e+00
-0.00000000e+00
-0.00000000e+00
-0.00000000e+00
-0.00000000e+00
-0.00000000e+00
-0.00000000e+00
-0.00000000e+00
-0.00000000e+00
-0.00000000e+00
-0.00000000e+00
-0.00000000e+00
-0.00000000e+00
-0.00000000e+00
-0.00000000e+00
-0.00000000e+00
-0.00000000e+00
-0.00000000e+00
-0.00000000e+00
-0.00000000e+00
-0.00000000e+00
-0.00000000e+00
-0.00000000e+00
-0.00000000e+00
-0.00000000e+00
-0.00000000e+00
-0.00000000e+00
-0.00000000e+00
-0.00000000e+00
-0.00000000e+00
-0.00000000e+00
-0.00000000e+00
-0.00000000e+00
-0.00000000e+00
-0.00000000e+00
-0.00000000e+00
-0.00000000e+00
-0.00000000e+00
-0.00000000e+00
-0.00000000e+00
-0.00000000e+00
-0.00000000e+00
-0.00000000e+00
-0.00000000e+00
-0.00000000e+00
-0.00000000e+00
-0.00000000e+00
-0.00000000e+00
-0.00000000e+00
-0.00000000e+00
-0.00000000e+00
-0.00000000e+00
-0.00000000e+00
-0.00000000e+00
-0.00000000e+00
-0.00000000e+00
-0.00000000e+00
-0.00000000e+00
-0.00000000e+00
-0.00000000e+00
-0.00000000e+00
-0.00000000e+00
-0.00000000e+00
-0.00000000e+00
-0.00000000e+00
-0.00000000e+00
-0.00000000e+00
-0.00000000e+00
-0.00000000e+00
-0.00000000e+00
-0.00000000e+00
-0.00000000e+00
-0.00000000e+00
-0.00000000e+00
-0.00000000e+00
-0.00000000e+00
-0.00000000e+00
-0.00000000e+00
-0.00000000e+00
-0.00000000e+00
-0.00000000e+00
-0.00000000e+00
-0.00000000e+00
-0.00000000e+00
-0.00000000e+00
-0.00000000e+00
-0.00000000e+00
-0.00000000e+00
-0.00000000e+00
-0.00000000e+00
-0.00000000e+00
-0.00000000e+00
-0.00000000e+00
-0.00000000e+00
-0.00000000e+00
-0.00000000e+00
-0.00000000e+00
-0.00000000e+00
-0.00000000e+00
-0.00000000e+00
-0.00000000e+00
-0.00000000e+00
-0.00000000e+00
-0.00000000e+00
-0.00000000e+00
-0.00000000e+00
-0.00000000e+00
-0.00000000e+00
-0.00000000e+00
-0.00000000e+00
-0.00000000e+00
-0.00000000e+00
-0.00000000e+00
-0.00000000e+00
-0.00000000e+00
-0.00000000e+00
-0.00000000e+00
-0.00000000e+00
-0.00000000e+00
-0.00000000e+00
-0.00000000e+00
-0.00000000e+00
-0.00000000e+00
-0.00000000e+00
-0.00000000e+00
-0.00000000e+00
-0.00000000e+00
-0.00000000e+00
-0.00000000e+00
-0.00000000e+00
-0.00000000e+00
-0.00000000e+00
-0.00000000e+00
-0.00000000e+00
-0.00000000e+00
-0.00000000e+00
-0.00000000e+00
-0.00000000e+00
-0.00000000e+00
-0.00000000e+00
-0.00000000e+00
-0.00000000e+00
-0.00000000e+00
-0.00000000e+00
-0.00000000e+00
-0.00000000e+00
-0.00000000e+00
-0.00000000e+00
-0.00000000e+00
-0.00000000e+00
-0.00000000e+00
-0.00000000e+00
-0.00000000e+00
-0.00000000e+00
-0.00000000e+00
-0.00000000e+00
-0.00000000e+00
-0.00000000e+00
-0.00000000e+00
-0.00000000e+00
-0.00000000e+00
-0.00000000e+00
-0.00000000e+00
-0.00000000e+00
-0.00000000e+00
-0.00000000e+00
-0.00000000e+00
-0.00000000e+00
-0.00000000e+00
-0.00000000e+00
-0.00000000e+00
-0.00000000e+00
-0.00000000e+00
-0.00000000e+00
-0.00000000e+00
-0.00000000e+00
-0.00000000e+00
-0.00000000e+00
-0.00000000e+00
-0.00000000e+00
-0.00000000e+00
-0.00000000e+00
-0.00000000e+00
-0.00000000e+00
-0.00000000e+00
-0.00000000e+00
-0.00000000e+00
-0.00000000e+00
-0.00000000e+00
-0.00000000e+00
-0.00000000e+00
-0.00000000e+00
-0.00000000e+00
-0.00000000e+00
-0.00000000e+00
-0.00000000e+00
-0.00000000e+00
-0.00000000e+00
-0.00000000e+00
-0.00000000e+00
-0.00000000e+00
-0.00000000e+00
-0.00000000e+00
-0.00000000e+00
-0.00000000e+00
-0.00000000e+00
-0.00000000e+00
-0.00000000e+00
-0.00000000e+00
-0.00000000e+00
-0.00000000e+00
-0.00000000e+00
-0.00000000e+00
-0.00000000e+00
-0.00000000e+00
-0.00000000e+00
-0.00000000e+00
-0.00000000e+00
-0.00000000e+00
-0.00000000e+00
-0.00000000e+00
-0.00000000e+00
-0.00000000e+00
-0.00000000e+00
-0.00000000e+00
-0.00000000e+00
-0.00000000e+00
-0.00000000e+00
-0.00000000e+00
-0.00000000e+00
-0.00000000e+00
-0.00000000e+00
-0.00000000e+00
-0.00000000e+00
-0.00000000e+00
-0.00000000e+00
-0.00000000e+00
-0.00000000e+00
-0.00000000e+00
-0.00000000e+00
-0.00000000e+00
-0.00000000e+00
-0.00000000e+00
-0.00000000e+00
-0.00000000e+00
-0.00000000e+00
-0.00000000e+00
-0.00000000e+00
-0.00000000e+00
-0.00000000e+00
-0.00000000e+00
-0.00000000e+00
-0.00000000e+00
-0.00000000e+00
-0.00000000e+00
-0.00000000e+00
-0.00000000e+00
-0.00000000e+00
-0.00000000e+00
-0.00000000e+00
-0.00000000e+00
-0.00000000e+00
-0.00000000e+00
-0.00000000e+00
-0.00000000e+00
-0.00000000e+00
-0.00000000e+00
-0.00000000e+00
-0.00000000e+00
-0.00000000e+00
-0.00000000e+00
-0.00000000e+00
-0.00000000e+00
-0.00000000e+00
-0.00000000e+00
-0.00000000e+00
-0.00000000e+00
-0.00000000e+00
-0.00000000e+00
-0.00000000e+00
-0.00000000e+00
-0.00000000e+00
-0.00000000e+00
-0.00000000e+00
-0.00000000e+00
-0.00000000e+00
-0.00000000e+00
-0.00000000e+00
-0.00000000e+00
-0.00000000e+00
-0.00000000e+00
-0.00000000e+00
-0.00000000e+00
-0.00000000e+00
-0.00000000e+00
-0.00000000e+00
-0.00000000e+00
-0.00000000e+00
-0.00000000e+00
-0.00000000e+00
-0.00000000e+00
-0.00000000e+00
-0.00000000e+00
-0.00000000e+00
-0.00000000e+00
-0.00000000e+00
-0.00000000e+00
-0.00000000e+00
-0.00000000e+00
-0.00000000e+00
-0.00000000e+00
-0.00000000e+00
-0.00000000e+00
-0.00000000e+00
-0.00000000e+00
-0.00000000e+00
-0.00000000e+00
-0.00000000e+00
-0.00000000e+00
-0.00000000e+00
-0.00000000e+00
-0.00000000e+00
-0.00000000e+00
-0.00000000e+00
-0.00000000e+00
-0.00000000e+00
-0.00000000e+00
-0.00000000e+00
-0.00000000e+00
-0.00000000e+00
-0.00000000e+00
-0.00000000e+00
-0.00000000e+00
-0.00000000e+00
-0.00000000e+00
-0.00000000e+00
-0.00000000e+00
-0.00000000e+00
-0.00000000e+00
-0.00000000e+00
-0.00000000e+00
-0.00000000e+00
-0.00000000e+00
-0.00000000e+00
-0.00000000e+00
-0.00000000e+00
-0.00000000e+00
-0.00000000e+00
-0.00000000e+00
-0.00000000e+00
-0.00000000e+00
-0.00000000e+00
-0.00000000e+00
-0.00000000e+00
-0.00000000e+00
-0.00000000e+00
-0.00000000e+00
-0.00000000e+00
-0.00000000e+00
-0.00000000e+00
-0.00000000e+00
-0.00000000e+00
-0.00000000e+00
-0.00000000e+00
-0.00000000e+00
-0.00000000e+00
-0.00000000e+00
-0.00000000e+00
-0.00000000e+00
-0.00000000e+00
-0.00000000e+00
-0.00000000e+00
-0.00000000e+00
-0.00000000e+00
-0.00000000e+00
-0.00000000e+00
-0.00000000e+00
-0.00000000e+00
-0.00000000e+00
-0.00000000e+00
-0.00000000e+00
-0.00000000e+00
-0.00000000e+00
-0.00000000e+00
-0.00000000e+00
-0.00000000e+00
-0.00000000e+00
-0.00000000e+00
-0.00000000e+00
-0.00000000e+00
-0.00000000e+00
-0.00000000e+00
-0.00000000e+00
-0.00000000e+00
-0.00000000e+00
-0.00000000e+00
-0.00000000e+00
-0.00000000e+00
-0.00000000e+00
-0.00000000e+00
-0.00000000e+00
-0.00000000e+00
-0.00000000e+00
-0.00000000e+00
-0.00000000e+00
-0.00000000e+00
-0.00000000e+00
-0.00000000e+00
-0.00000000e+00
-0.00000000e+00
-0.00000000e+00
-0.00000000e+00
-0.00000000e+00
-0.00000000e+00
-0.00000000e+00
-0.00000000e+00
-0.00000000e+00
-0.00000000e+00
-0.00000000e+00
-0.00000000e+00
-0.00000000e+00
-0.00000000e+00
-0.00000000e+00
-0.00000000e+00
-0.00000000e+00
-0.00000000e+00
-0.00000000e+00
-0.00000000e+00
-0.00000000e+00
-0.00000000e+00
-0.00000000e+00
-0.00000000e+00
-0.00000000e+00
-0.00000000e+00
-0.00000000e+00
-0.00000000e+00
-0.00000000e+00
-0.00000000e+00
-0.00000000e+00
-0.00000000e+00
-0.00000000e+00
-0.00000000e+00
-0.00000000e+00
-0.00000000e+00
-0.00000000e+00
-0.00000000e+00
-0.00000000e+00
-0.00000000e+00
-0.00000000e+00
-0.00000000e+00
-0.00000000e+00
-0.00000000e+00
-0.00000000e+00
-0.00000000e+00
-0.00000000e+00
-0.00000000e+00
-0.00000000e+00
-0.00000000e+00
-0.00000000e+00
-0.00000000e+00
-0.00000000e+00
-0.00000000e+00
-0.00000000e+00
-0.00000000e+00
-0.00000000e+00
-0.00000000e+00
-0.00000000e+00
-0.00000000e+00
-0.00000000e+00
-0.00000000e+00
-0.00000000e+00
-0.00000000e+00
-0.00000000e+00
-0.00000000e+00
-0.00000000e+00
-0.00000000e+00
-0.00000000e+00
-0.00000000e+00
-0.00000000e+00
-0.00000000e+00
-0.00000000e+00
-0.00000000e+00
-0.00000000e+00
-0.00000000e+00
-0.00000000e+00
-0.00000000e+00
-0.00000000e+00
-0.00000000e+00
-0.00000000e+00
-0.00000000e+00
-0.00000000e+00
-0.00000000e+00
-0.00000000e+00
-0.00000000e+00
-0.00000000e+00
-0.00000000e+00
-0.00000000e+00
-0.00000000e+00
-0.00000000e+00
-0.00000000e+00
-0.00000000e+00
-0.00000000e+00
-0.00000000e+00
-0.00000000e+00
-0.00000000e+00
-0.00000000e+00
-0.00000000e+00
-0.00000000e+00
-0.00000000e+00
-0.00000000e+00
-0.00000000e+00
-0.00000000e+00
-0.00000000e+00
-0.00000000e+00
-0.00000000e+00
-0.00000000e+00
-0.00000000e+00
-0.00000000e+00
-0.00000000e+00
-0.00000000e+00
-0.00000000e+00
-0.00000000e+00
-0.00000000e+00
-0.00000000e+00
-0.00000000e+00
-0.00000000e+00
-0.00000000e+00
-0.00000000e+00
-0.00000000e+00
-0.00000000e+00
-0.00000000e+00
-0.00000000e+00
-0.00000000e+00
-0.00000000e+00
-0.00000000e+00
-0.00000000e+00
-0.00000000e+00
-0.00000000e+00
-0.00000000e+00
-0.00000000e+00
-0.00000000e+00
-0.00000000e+00
-0.00000000e+00
-0.00000000e+00
-0.00000000e+00
-0.00000000e+00
-0.00000000e+00
-0.00000000e+00
-0.00000000e+00
-0.00000000e+00
-0.00000000e+00
-0.00000000e+00
-0.00000000e+00
-0.00000000e+00
-0.00000000e+00
-0.00000000e+00
-0.00000000e+00
-0.00000000e+00
-0.00000000e+00
-0.00000000e+00
-0.00000000e+00
-0.00000000e+00
-0.00000000e+00
-0.00000000e+00
-0.00000000e+00
-0.00000000e+00
-0.00000000e+00
-0.00000000e+00
-0.00000000e+00
-0.00000000e+00
-0.00000000e+00
-0.00000000e+00
-0.00000000e+00
-0.00000000e+00
-0.00000000e+00
-0.00000000e+00
-0.00000000e+00
-0.00000000e+00
-0.00000000e+00
-0.00000000e+00
-0.00000000e+00
-0.00000000e+00
-0.00000000e+00
-0.00000000e+00
-0.00000000e+00
-0.00000000e+00
-0.00000000e+00
-0.00000000e+00
-0.00000000e+00
-0.00000000e+00
-0.00000000e+00
-0.00000000e+00
-0.00000000e+00
-0.00000000e+00
-0.00000000e+00
-0.00000000e+00
-0.00000000e+00
-0.00000000e+00
-0.00000000e+00
-0.00000000e+00
-0.00000000e+00
-0.00000000e+00
-0.00000000e+00
-0.00000000e+00
-0.00000000e+00
-0.00000000e+00
-0.00000000e+00
-0.00000000e+00
-0.00000000e+00
-0.00000000e+00
-0.00000000e+00
-0.00000000e+00
-0.00000000e+00
-0.00000000e+00
-0.00000000e+00
-0.00000000e+00
-0.00000000e+00
-0.00000000e+00
-0.00000000e+00
-0.00000000e+00
-0.00000000e+00
-0.00000000e+00
-0.00000000e+00
-0.00000000e+00
-0.00000000e+00
-0.00000000e+00
-0.00000000e+00
-0.00000000e+00
-0.00000000e+00
-0.00000000e+00
-0.00000000e+00
-0.00000000e+00
-0.00000000e+00
-0.00000000e+00
-0.00000000e+00
-0.00000000e+00
-0.00000000e+00
-0.00000000e+00
-0.00000000e+00
-0.00000000e+00
-0.00000000e+00
-0.00000000e+00
-0.00000000e+00
-0.00000000e+00
-0.00000000e+00
-0.00000000e+00
-0.00000000e+00
-0.00000000e+00
-0.00000000e+00
-0.00000000e+00
-0.00000000e+00
-0.00000000e+00
-0.00000000e+00
-0.00000000e+00
-0.00000000e+00
-0.00000000e+00
-0.00000000e+00
-0.00000000e+00
-0.00000000e+00
-0.00000000e+00
-0.00000000e+00
-0.00000000e+00
-0.00000000e+00
-0.00000000e+00
-0.00000000e+00
-0.00000000e+00
-0.00000000e+00
-0.00000000e+00
-0.00000000e+00
-0.00000000e+00
-0.00000000e+00
-0.00000000e+00
-0.00000000e+00
-0.00000000e+00
-0.00000000e+00
-0.00000000e+00
-0.00000000e+00
-0.00000000e+00
-0.00000000e+00
-0.00000000e+00
-0.00000000e+00
-0.00000000e+00
-0.00000000e+00
-0.00000000e+00
-0.00000000e+00
-0.00000000e+00
-0.00000000e+00
-0.00000000e+00
-0.00000000e+00
-0.00000000e+00
-0.00000000e+00
-0.00000000e+00
-0.00000000e+00
-0.00000000e+00
-0.00000000e+00
-0.00000000e+00
-0.00000000e+00
-0.00000000e+00
-0.00000000e+00
-0.00000000e+00
-0.00000000e+00
-0.00000000e+00
-0.00000000e+00
-0.00000000e+00
-0.00000000e+00
-0.00000000e+00
-0.00000000e+00
-0.00000000e+00
-0.00000000e+00
-0.00000000e+00
-0.00000000e+00
-0.00000000e+00
-0.00000000e+00
-0.00000000e+00
-0.00000000e+00
-0.00000000e+00
-0.00000000e+00
-0.00000000e+00
-0.00000000e+00
-0.00000000e+00
-0.00000000e+00
-0.00000000e+00
-0.00000000e+00
-0.00000000e+00
-0.00000000e+00
-0.00000000e+00
-0.00000000e+00
-0.00000000e+00
-0.00000000e+00
-0.00000000e+00
-0.00000000e+00
-0.00000000e+00
-0.00000000e+00
-0.00000000e+00
-0.00000000e+00
-0.00000000e+00
-0.00000000e+00
-0.00000000e+00
-0.00000000e+00
-0.00000000e+00
-0.00000000e+00
-0.00000000e+00
-0.00000000e+00
-0.00000000e+00
-0.00000000e+00
-0.00000000e+00
-0.00000000e+00
-0.00000000e+00
-0.00000000e+00
-0.00000000e+00
-0.00000000e+00
-0.00000000e+00
-0.00000000e+00
-0.00000000e+00
-0.00000000e+00
-0.00000000e+00
-0.00000000e+00
-0.00000000e+00
-0.00000000e+00
-0.00000000e+00
-0.00000000e+00
-0.00000000e+00
-0.00000000e+00
-0.00000000e+00
-0.00000000e+00
-0.00000000e+00
-0.00000000e+00
-0.00000000e+00
-0.00000000e+00
-0.00000000e+00
-0.00000000e+00
-0.00000000e+00
-0.00000000e+00
-0.00000000e+00
-0.00000000e+00
-0.00000000e+00
-0.00000000e+00
-0.00000000e+00
-0.00000000e+00
-0.00000000e+00
-0.00000000e+00
-0.00000000e+00
-0.00000000e+00
-0.00000000e+00
-0.00000000e+00
-0.00000000e+00
-0.00000000e+00
-0.00000000e+00
-0.00000000e+00
-0.00000000e+00
-0.00000000e+00
-0.00000000e+00
-0.00000000e+00
-0.00000000e+00
-0.00000000e+00
-0.00000000e+00
-0.00000000e+00
-0.00000000e+00
-0.00000000e+00
-0.00000000e+00
-0.00000000e+00
-0.00000000e+00
-0.00000000e+00
-0.00000000e+00
-0.00000000e+00
-0.00000000e+00
-0.00000000e+00
-0.00000000e+00
-0.00000000e+00
-0.00000000e+00
-0.00000000e+00
-0.00000000e+00
-0.00000000e+00
-0.00000000e+00
-0.00000000e+00
-0.00000000e+00
-0.00000000e+00
-0.00000000e+00
-0.00000000e+00
-0.00000000e+00
-0.00000000e+00
-0.00000000e+00
-0.00000000e+00
-0.00000000e+00
-0.00000000e+00
-0.00000000e+00
-0.00000000e+00
-0.00000000e+00
-0.00000000e+00
-0.00000000e+00
-0.00000000e+00
-0.00000000e+00
-0.00000000e+00
-0.00000000e+00
-0.00000000e+00
-0.00000000e+00
-0.00000000e+00
-0.00000000e+00
-0.00000000e+00
-0.00000000e+00
-0.00000000e+00
-0.00000000e+00
-0.00000000e+00
-0.00000000e+00
-0.00000000e+00
-0.00000000e+00
-0.00000000e+00
-0.00000000e+00
-0.00000000e+00
-0.00000000e+00
-0.00000000e+00
-0.00000000e+00
-0.00000000e+00
-0.00000000e+00
-0.00000000e+00
-0.00000000e+00
-0.00000000e+00
-0.00000000e+00
-0.00000000e+00
-0.00000000e+00
-0.00000000e+00
-0.00000000e+00
-0.00000000e+00
-0.00000000e+00
-0.00000000e+00
-0.00000000e+00
-0.00000000e+00
-0.00000000e+00
-0.00000000e+00
-0.00000000e+00
-0.00000000e+00
-0.00000000e+00
-0.00000000e+00
-0.00000000e+00
-0.00000000e+00
-0.00000000e+00
-0.00000000e+00
-0.00000000e+00
-0.00000000e+00
-0.00000000e+00
-0.00000000e+00
-0.00000000e+00
-0.00000000e+00
-0.00000000e+00
-0.00000000e+00
-0.00000000e+00
-0.00000000e+00
-0.00000000e+00
-0.00000000e+00
-0.00000000e+00
-0.00000000e+00
-0.00000000e+00
-0.00000000e+00
-0.00000000e+00
-0.00000000e+00
-0.00000000e+00
-0.00000000e+00
-0.00000000e+00
-0.00000000e+00
-0.00000000e+00
-0.00000000e+00
-0.00000000e+00
-0.00000000e+00
-0.00000000e+00
-0.00000000e+00
-0.00000000e+00
-0.00000000e+00
-0.00000000e+00
-0.00000000e+00
-0.00000000e+00
-0.00000000e+00
-0.00000000e+00
-0.00000000e+00
-0.00000000e+00
-0.00000000e+00
-0.00000000e+00
-0.00000000e+00
-0.00000000e+00
-0.00000000e+00
-0.00000000e+00
-0.00000000e+00
-0.00000000e+00
-0.00000000e+00
-0.00000000e+00
-0.00000000e+00
-0.00000000e+00
-0.00000000e+00
-0.00000000e+00
-0.00000000e+00
-0.00000000e+00
-0.00000000e+00
-0.00000000e+00
-0.00000000e+00
-0.00000000e+00
-0.00000000e+00
-0.00000000e+00
-0.00000000e+00
-0.00000000e+00
-0.00000000e+00
-0.00000000e+00
-0.00000000e+00
-0.00000000e+00
-0.00000000e+00
-0.00000000e+00
-0.00000000e+00
-0.00000000e+00
-0.00000000e+00
-0.00000000e+00
-0.00000000e+00
-0.00000000e+00
-0.00000000e+00
-0.00000000e+00
-0.00000000e+00
-0.00000000e+00
-0.00000000e+00
-0.00000000e+00
-0.00000000e+00
-0.00000000e+00
-0.00000000e+00
-0.00000000e+00
-0.00000000e+00
-0.00000000e+00
-0.00000000e+00
-0.00000000e+00
-0.00000000e+00
-0.00000000e+00
-0.00000000e+00
-0.00000000e+00
-0.00000000e+00
-0.00000000e+00
-0.00000000e+00
-0.00000000e+00
-0.00000000e+00
-0.00000000e+00
-0.00000000e+00
-0.00000000e+00
-0.00000000e+00
-0.00000000e+00
-0.00000000e+00
-0.00000000e+00
-0.00000000e+00
-0.00000000e+00
-0.00000000e+00
-0.00000000e+00
-0.00000000e+00
-0.00000000e+00
-0.00000000e+00
-0.00000000e+00
-0.00000000e+00
-0.00000000e+00
-0.00000000e+00
-0.00000000e+00
-0.00000000e+00
-0.00000000e+00
-0.00000000e+00
-0.00000000e+00
-0.00000000e+00
-0.00000000e+00
-0.00000000e+00
-0.00000000e+00
-0.00000000e+00
-0.00000000e+00
-0.00000000e+00
-0.00000000e+00
-0.00000000e+00
-0.00000000e+00
-0.00000000e+00
-0.00000000e+00
-0.00000000e+00
-0.00000000e+00
-0.00000000e+00
-0.00000000e+00
-0.00000000e+00
-0.00000000e+00
-0.00000000e+00
-0.00000000e+00
-0.00000000e+00
-0.00000000e+00
-0.00000000e+00
-0.00000000e+00
-0.00000000e+00
-0.00000000e+00
-0.00000000e+00
-0.00000000e+00
-0.00000000e+00
-0.00000000e+00
-0.00000000e+00
-0.00000000e+00
-0.00000000e+00
-0.00000000e+00
-0.00000000e+00
-0.00000000e+00
-0.00000000e+00
-0.00000000e+00
-0.00000000e+00
-0.00000000e+00
-0.00000000e+00
-0.00000000e+00
-0.00000000e+00
-0.00000000e+00
-0.00000000e+00
-0.00000000e+00
-0.00000000e+00
-0.00000000e+00
-0.00000000e+00
-0.00000000e+00
-0.00000000e+00
-0.00000000e+00
-0.00000000e+00
-0.00000000e+00
-0.00000000e+00
-0.00000000e+00
-0.00000000e+00
-0.00000000e+00
-0.00000000e+00
-0.00000000e+00
-0.00000000e+00
-0.00000000e+00
-0.00000000e+00
-0.00000000e+00
-0.00000000e+00
-0.00000000e+00
-0.00000000e+00
-0.00000000e+00
-0.00000000e+00
-0.00000000e+00
-0.00000000e+00
-0.00000000e+00
-0.00000000e+00
-0.00000000e+00
-0.00000000e+00
-0.00000000e+00
-0.00000000e+00
-0.00000000e+00
-0.00000000e+00
-0.00000000e+00
-0.00000000e+00
-0.00000000e+00
-0.00000000e+00
-0.00000000e+00
-0.00000000e+00
-0.00000000e+00
-0.00000000e+00
-0.00000000e+00
-0.00000000e+00
-0.00000000e+00
-0.00000000e+00
-0.00000000e+00
-0.00000000e+00
-0.00000000e+00
-0.00000000e+00
-0.00000000e+00
-0.00000000e+00
-0.00000000e+00
-0.00000000e+00
-0.00000000e+00
-0.00000000e+00
-0.00000000e+00
-0.00000000e+00
-0.00000000e+00
-0.00000000e+00
-0.00000000e+00
-0.00000000e+00
-0.00000000e+00
-0.00000000e+00
-0.00000000e+00
-0.00000000e+00
-0.00000000e+00
-0.00000000e+00
-0.00000000e+00
-0.00000000e+00
-0.00000000e+00
-0.00000000e+00
-0.00000000e+00
-0.00000000e+00
-0.00000000e+00
-0.00000000e+00
-0.00000000e+00
-0.00000000e+00
-0.00000000e+00
-0.00000000e+00
-0.00000000e+00
-0.00000000e+00
-0.00000000e+00
-0.00000000e+00
-0.00000000e+00
-0.00000000e+00
-0.00000000e+00
-0.00000000e+00
-0.00000000e+00
-0.00000000e+00
-0.00000000e+00
-0.00000000e+00
-0.00000000e+00
-0.00000000e+00
-0.00000000e+00
-0.00000000e+00
-0.00000000e+00
-0.00000000e+00
-0.00000000e+00
-0.00000000e+00
-0.00000000e+00
-0.00000000e+00
-0.00000000e+00
-0.00000000e+00
-0.00000000e+00
-0.00000000e+00
-0.00000000e+00
-0.00000000e+00
-0.00000000e+00
-0.00000000e+00
-0.00000000e+00
-0.00000000e+00
-0.00000000e+00
-0.00000000e+00
-0.00000000e+00
-0.00000000e+00
-0.00000000e+00
-0.00000000e+00
-0.00000000e+00
-0.00000000e+00
-0.00000000e+00
-0.00000000e+00
-0.00000000e+00
-0.00000000e+00
-0.00000000e+00
-0.00000000e+00
-0.00000000e+00
-0.00000000e+00
-0.00000000e+00
-0.00000000e+00
-0.00000000e+00
-0.00000000e+00
-0.00000000e+00
-0.00000000e+00
-0.00000000e+00
-0.00000000e+00
-0.00000000e+00
-0.00000000e+00
-0.00000000e+00
-0.00000000e+00
-0.00000000e+00
-0.00000000e+00
-0.00000000e+00
-0.00000000e+00
-0.00000000e+00
-0.00000000e+00
-0.00000000e+00
-0.00000000e+00
-0.00000000e+00
-0.00000000e+00
-0.00000000e+00
-0.00000000e+00
-0.00000000e+00
-0.00000000e+00
-0.00000000e+00
-0.00000000e+00
-0.00000000e+00
-0.00000000e+00
-0.00000000e+00
-0.00000000e+00
-0.00000000e+00
-0.00000000e+00
-0.00000000e+00
-0.00000000e+00
-0.00000000e+00
-0.00000000e+00
-0.00000000e+00
-0.00000000e+00
-0.00000000e+00
-0.00000000e+00
-0.00000000e+00
-0.00000000e+00
-0.00000000e+00
-0.00000000e+00
-0.00000000e+00
-0.00000000e+00
-0.00000000e+00
-0.00000000e+00
-0.00000000e+00
-0.00000000e+00
-0.00000000e+00
-0.00000000e+00
-0.00000000e+00
-0.00000000e+00
-0.00000000e+00
-0.00000000e+00
-0.00000000e+00
-0.00000000e+00
-0.00000000e+00
-0.00000000e+00
-0.00000000e+00
-0.00000000e+00
-0.00000000e+00
-0.00000000e+00
-0.00000000e+00
-0.00000000e+00
-0.00000000e+00
-0.00000000e+00
-0.00000000e+00
-0.00000000e+00
-0.00000000e+00
-0.00000000e+00
-0.00000000e+00
-0.00000000e+00
-0.00000000e+00
-0.00000000e+00
-0.00000000e+00
-0.00000000e+00
-0.00000000e+00
-0.00000000e+00
-0.00000000e+00
-0.00000000e+00
-0.00000000e+00
-0.00000000e+00
-0.00000000e+00
-0.00000000e+00
-0.00000000e+00
-0.00000000e+00
-0.00000000e+00
-0.00000000e+00
-0.00000000e+00
-0.00000000e+00
-0.00000000e+00
-0.00000000e+00
-0.00000000e+00
-0.00000000e+00
-0.00000000e+00
-0.00000000e+00
-0.00000000e+00
-0.00000000e+00
-0.00000000e+00
-0.00000000e+00
-0.00000000e+00
-0.00000000e+00
-0.00000000e+00
-0.00000000e+00
-0.00000000e+00
-0.00000000e+00
-0.00000000e+00
-0.00000000e+00
-0.00000000e+00
-0.00000000e+00
-0.00000000e+00
-0.00000000e+00
-0.00000000e+00
-0.00000000e+00
-0.00000000e+00
-0.00000000e+00
-0.00000000e+00
-0.00000000e+00
-0.00000000e+00
-0.00000000e+00
-0.00000000e+00
-0.00000000e+00
-0.00000000e+00
-0.00000000e+00
-0.00000000e+00
-0.00000000e+00
-0.00000000e+00
-0.00000000e+00
-0.00000000e+00
-0.00000000e+00
-0.00000000e+00
-0.00000000e+00
-0.00000000e+00
-0.00000000e+00
-0.00000000e+00
-0.00000000e+00
-0.00000000e+00
-0.00000000e+00
-0.00000000e+00
-0.00000000e+00
-0.00000000e+00
-0.00000000e+00
-0.00000000e+00
-0.00000000e+00
-0.00000000e+00
-0.00000000e+00
-0.00000000e+00
-0.00000000e+00
-0.00000000e+00
-0.00000000e+00
-0.00000000e+00
-0.00000000e+00
-0.00000000e+00
-0.00000000e+00
-0.00000000e+00
-0.00000000e+00
-0.00000000e+00
-0.00000000e+00
-0.00000000e+00
-0.00000000e+00
-0.00000000e+00
-0.00000000e+00
-0.00000000e+00
-0.00000000e+00
-0.00000000e+00
-0.00000000e+00
-0.00000000e+00
-0.00000000e+00
-0.00000000e+00
-0.00000000e+00
-0.00000000e+00
-0.00000000e+00
-0.00000000e+00
-0.00000000e+00
-0.00000000e+00
-0.00000000e+00
-0.00000000e+00
-0.00000000e+00
-0.00000000e+00
-0.00000000e+00
-0.00000000e+00
-0.00000000e+00
-0.00000000e+00
-0.00000000e+00
-0.00000000e+00
-0.00000000e+00
-0.00000000e+00
-0.00000000e+00
-0.00000000e+00
-0.00000000e+00
-0.00000000e+00
-0.00000000e+00
-0.00000000e+00
-0.00000000e+00
-0.00000000e+00
-0.00000000e+00
-0.00000000e+00
-0.00000000e+00
-0.00000000e+00
-0.00000000e+00
-0.00000000e+00
-0.00000000e+00
-0.00000000e+00
-0.00000000e+00
-0.00000000e+00
-0.00000000e+00
-0.00000000e+00
-0.00000000e+00
-0.00000000e+00
-0.00000000e+00
-0.00000000e+00
-0.00000000e+00
-0.00000000e+00
-0.00000000e+00
-0.00000000e+00
-0.00000000e+00
-0.00000000e+00
-0.00000000e+00
-0.00000000e+00
-0.00000000e+00
-0.00000000e+00
-0.00000000e+00
-0.00000000e+00
-0.00000000e+00
-0.00000000e+00
-0.00000000e+00
-0.00000000e+00
-0.00000000e+00
-0.00000000e+00
-0.00000000e+00
-0.00000000e+00
-0.00000000e+00
-0.00000000e+00
-0.00000000e+00
-0.00000000e+00
-0.00000000e+00
-0.00000000e+00
-0.00000000e+00
-0.00000000e+00
-0.00000000e+00
-0.00000000e+00
-0.00000000e+00
-0.00000000e+00
-0.00000000e+00
-0.00000000e+00
-0.00000000e+00
-0.00000000e+00
-0.00000000e+00
-0.00000000e+00
-0.00000000e+00
-0.00000000e+00
-0.00000000e+00
-0.00000000e+00
-0.00000000e+00
-0.00000000e+00
-0.00000000e+00
-0.00000000e+00
-0.00000000e+00
-0.00000000e+00
-0.00000000e+00
-0.00000000e+00
-0.00000000e+00
-0.00000000e+00
-0.00000000e+00
-0.00000000e+00
-0.00000000e+00
-0.00000000e+00
-0.00000000e+00
-0.00000000e+00
-0.00000000e+00
-0.00000000e+00
-0.00000000e+00
-0.00000000e+00
-0.00000000e+00
-0.00000000e+00
-0.00000000e+00
-0.00000000e+00
-0.00000000e+00
-0.00000000e+00
-0.00000000e+00
-0.00000000e+00
-0.00000000e+00
-0.00000000e+00
-0.00000000e+00
-0.00000000e+00
-0.00000000e+00
-0.00000000e+00
-0.00000000e+00
-0.00000000e+00
-0.00000000e+00
-0.00000000e+00
-0.00000000e+00
-0.00000000e+00
-0.00000000e+00
-0.00000000e+00
-0.00000000e+00
-0.00000000e+00
-0.00000000e+00
-0.00000000e+00
-0.00000000e+00
-0.00000000e+00
-0.00000000e+00
-0.00000000e+00
-0.00000000e+00
-0.00000000e+00
-0.00000000e+00
-0.00000000e+00
-0.00000000e+00
-0.00000000e+00
-0.00000000e+00
-0.00000000e+00
-0.00000000e+00
-0.00000000e+00
-0.00000000e+00
-0.00000000e+00
-0.00000000e+00
-0.00000000e+00
-0.00000000e+00
-0.00000000e+00
-0.00000000e+00
-0.00000000e+00
-0.00000000e+00
-0.00000000e+00
-0.00000000e+00
-0.00000000e+00
-0.00000000e+00
-0.00000000e+00
-0.00000000e+00
-0.00000000e+00
-0.00000000e+00
-0.00000000e+00
-0.00000000e+00
-0.00000000e+00
-0.00000000e+00
-0.00000000e+00
-0.00000000e+00
-0.00000000e+00
-0.00000000e+00
-0.00000000e+00
-0.00000000e+00
-0.00000000e+00
-0.00000000e+00
-0.00000000e+00
-0.00000000e+00
-0.00000000e+00
-0.00000000e+00
-0.00000000e+00
-0.00000000e+00
-0.00000000e+00
-0.00000000e+00
-0.00000000e+00
-0.00000000e+00
-0.00000000e+00
-0.00000000e+00
-0.00000000e+00
-0.00000000e+00
-0.00000000e+00
-0.00000000e+00
-0.00000000e+00
-0.00000000e+00
-0.00000000e+00
-0.00000000e+00
-0.00000000e+00
-0.00000000e+00
-0.00000000e+00
-0.00000000e+00
-0.00000000e+00
-0.00000000e+00
-0.00000000e+00
-0.00000000e+00
-0.00000000e+00
-0.00000000e+00
-0.00000000e+00
-0.00000000e+00
-0.00000000e+00
-0.00000000e+00
-0.00000000e+00
-0.00000000e+00
-0.00000000e+00
-0.00000000e+00
-0.00000000e+00
-0.00000000e+00
-0.00000000e+00
-0.00000000e+00
-0.00000000e+00
-0.00000000e+00
-0.00000000e+00
-0.00000000e+00
-0.00000000e+00
-0.00000000e+00
-0.00000000e+00
-0.00000000e+00
-0.00000000e+00
-0.00000000e+00
-0.00000000e+00
-0.00000000e+00
-0.00000000e+00
-0.00000000e+00
-0.00000000e+00
-0.00000000e+00
-0.00000000e+00
-0.00000000e+00
-0.00000000e+00
-0.00000000e+00
-0.00000000e+00
-0.00000000e+00
-0.00000000e+00
-0.00000000e+00
-0.00000000e+00
-0.00000000e+00
-0.00000000e+00
-0.00000000e+00
-0.00000000e+00
-0.00000000e+00
-0.00000000e+00
-0.00000000e+00
-0.00000000e+00
-0.00000000e+00
-0.00000000e+00
-0.00000000e+00
-0.00000000e+00
-0.00000000e+00
-0.00000000e+00
-0.00000000e+00
-0.00000000e+00
-0.00000000e+00
-0.00000000e+00
-0.00000000e+00
-0.00000000e+00
-0.00000000e+00
-0.00000000e+00
-0.00000000e+00
-0.00000000e+00
-0.00000000e+00
-0.00000000e+00
-0.00000000e+00
-0.00000000e+00
-0.00000000e+00
-0.00000000e+00
-0.00000000e+00
-0.00000000e+00
-0.00000000e+00
-0.00000000e+00
-0.00000000e+00
-0.00000000e+00
-0.00000000e+00
-0.00000000e+00
-0.00000000e+00
-0.00000000e+00
-0.00000000e+00
-0.00000000e+00
-0.00000000e+00
-0.00000000e+00
-0.00000000e+00
-0.00000000e+00
-0.00000000e+00
-0.00000000e+00
-0.00000000e+00
-0.00000000e+00
-0.00000000e+00
-0.00000000e+00
-0.00000000e+00
-0.00000000e+00
-0.00000000e+00
-0.00000000e+00
-0.00000000e+00
-0.00000000e+00
-0.00000000e+00
-0.00000000e+00
-0.00000000e+00
-0.00000000e+00
-0.00000000e+00
-0.00000000e+00
-0.00000000e+00
-0.00000000e+00
-0.00000000e+00
-0.00000000e+00
-0.00000000e+00
-0.00000000e+00
-0.00000000e+00
-0.00000000e+00
-0.00000000e+00
-0.00000000e+00
-0.00000000e+00
-0.00000000e+00
-0.00000000e+00
-0.00000000e+00
-0.00000000e+00
-0.00000000e+00
-0.00000000e+00
-0.00000000e+00
-0.00000000e+00
-0.00000000e+00
-0.00000000e+00
-0.00000000e+00
-0.00000000e+00
-0.00000000e+00
-0.00000000e+00
-0.00000000e+00
-0.00000000e+00
-0.00000000e+00
-0.00000000e+00
-0.00000000e+00
-0.00000000e+00
-0.00000000e+00
-0.00000000e+00
-0.00000000e+00
-0.00000000e+00
-0.00000000e+00
-0.00000000e+00
-0.00000000e+00
-0.00000000e+00
-0.00000000e+00
-0.00000000e+00
-0.00000000e+00
-0.00000000e+00
-0.00000000e+00
-0.00000000e+00
-0.00000000e+00
-0.00000000e+00
-0.00000000e+00
-0.00000000e+00
-0.00000000e+00
-0.00000000e+00
-0.00000000e+00
-0.00000000e+00
-0.00000000e+00
-0.00000000e+00
-0.00000000e+00
-0.00000000e+00
-0.00000000e+00
-0.00000000e+00
-0.00000000e+00
-0.00000000e+00
-0.00000000e+00
-0.00000000e+00
-0.00000000e+00
-0.00000000e+00
-0.00000000e+00
-0.00000000e+00
-0.00000000e+00
-0.00000000e+00
-0.00000000e+00
-0.00000000e+00
-0.00000000e+00
-0.00000000e+00
-0.00000000e+00
-0.00000000e+00
-0.00000000e+00
-0.00000000e+00
-0.00000000e+00
-0.00000000e+00
-0.00000000e+00
-0.00000000e+00
-0.00000000e+00
-0.00000000e+00
-0.00000000e+00
-0.00000000e+00
-0.00000000e+00
-0.00000000e+00
-0.00000000e+00
-0.00000000e+00
-0.00000000e+00
-0.00000000e+00
-0.00000000e+00
-0.00000000e+00
-0.00000000e+00
-0.00000000e+00
-0.00000000e+00
-0.00000000e+00
-0.00000000e+00
-0.00000000e+00
-0.00000000e+00
-0.00000000e+00
-0.00000000e+00
-0.00000000e+00
-0.00000000e+00
-0.00000000e+00
-0.00000000e+00
-0.00000000e+00
-0.00000000e+00
-0.00000000e+00
-0.00000000e+00
-0.00000000e+00
-0.00000000e+00
-0.00000000e+00
-0.00000000e+00
-0.00000000e+00
-0.00000000e+00
-0.00000000e+00
-0.00000000e+00
-0.00000000e+00
-0.00000000e+00
-0.00000000e+00
-0.00000000e+00
-0.00000000e+00
-0.00000000e+00
-0.00000000e+00
-0.00000000e+00
-0.00000000e+00
-0.00000000e+00
-0.00000000e+00
-0.00000000e+00
-0.00000000e+00
-0.00000000e+00
-0.00000000e+00
-0.00000000e+00
-0.00000000e+00
-0.00000000e+00
-0.00000000e+00
-0.00000000e+00
-0.00000000e+00
-0.00000000e+00
-0.00000000e+00
-0.00000000e+00
-0.00000000e+00
-0.00000000e+00
-0.00000000e+00
-0.00000000e+00
-0.00000000e+00
-0.00000000e+00
-0.00000000e+00
-0.00000000e+00
-0.00000000e+00
-0.00000000e+00
-0.00000000e+00
-0.00000000e+00
-0.00000000e+00
-0.00000000e+00
-0.00000000e+00
-0.00000000e+00
-0.00000000e+00
-0.00000000e+00
-0.00000000e+00
-0.00000000e+00
-0.00000000e+00
-0.00000000e+00
-0.00000000e+00
-0.00000000e+00
-0.00000000e+00
-0.00000000e+00
-0.00000000e+00
-0.00000000e+00
-0.00000000e+00
-0.00000000e+00
-0.00000000e+00
-0.00000000e+00
-0.00000000e+00
-0.00000000e+00
-0.00000000e+00
-0.00000000e+00
-0.00000000e+00
-0.00000000e+00
-0.00000000e+00
-0.00000000e+00
-0.00000000e+00
-0.00000000e+00
-0.00000000e+00
-0.00000000e+00
-0.00000000e+00
-0.00000000e+00
-0.00000000e+00
-0.00000000e+00
-0.00000000e+00
-0.00000000e+00
-0.00000000e+00
-0.00000000e+00
-0.00000000e+00
-0.00000000e+00
-0.00000000e+00
-0.00000000e+00
-0.00000000e+00
-0.00000000e+00
-0.00000000e+00
-0.00000000e+00
-0.00000000e+00
-0.00000000e+00
-0.00000000e+00
-0.00000000e+00
-0.00000000e+00
-0.00000000e+00
-0.00000000e+00
-0.00000000e+00
-0.00000000e+00
-0.00000000e+00
-0.00000000e+00
-0.00000000e+00
-0.00000000e+00
-0.00000000e+00
-0.00000000e+00
-0.00000000e+00
-0.00000000e+00
-0.00000000e+00
-0.00000000e+00
-0.00000000e+00
-0.00000000e+00
-0.00000000e+00
-0.00000000e+00
-0.00000000e+00
-0.00000000e+00
-0.00000000e+00
-0.00000000e+00
-0.00000000e+00
-0.00000000e+00
-0.00000000e+00
-0.00000000e+00
-0.00000000e+00
-0.00000000e+00
-0.00000000e+00
-0.00000000e+00
-0.00000000e+00
-0.00000000e+00
-0.00000000e+00
-0.00000000e+00
-0.00000000e+00
-0.00000000e+00
-0.00000000e+00
-0.00000000e+00
-0.00000000e+00
-0.00000000e+00
-0.00000000e+00
-0.00000000e+00
-0.00000000e+00
-0.00000000e+00
-0.00000000e+00
-0.00000000e+00
-0.00000000e+00
-0.00000000e+00
-0.00000000e+00
-0.00000000e+00
-0.00000000e+00
-0.00000000e+00
-0.00000000e+00
-0.00000000e+00
-0.00000000e+00
-0.00000000e+00
-0.00000000e+00
-0.00000000e+00
-0.00000000e+00
-0.00000000e+00
-0.00000000e+00
-0.00000000e+00
-0.00000000e+00
-0.00000000e+00
-0.00000000e+00
-0.00000000e+00
-0.00000000e+00
-0.00000000e+00
-0.00000000e+00
-0.00000000e+00
-0.00000000e+00
-0.00000000e+00
-0.00000000e+00
-0.00000000e+00
-0.00000000e+00
-0.00000000e+00
-0.00000000e+00
-0.00000000e+00
-0.00000000e+00
-0.00000000e+00
-0.00000000e+00
-0.00000000e+00
-0.00000000e+00
-0.00000000e+00
-0.00000000e+00
-0.00000000e+00
-0.00000000e+00
-0.00000000e+00
-0.00000000e+00
-0.00000000e+00
-0.00000000e+00
-0.00000000e+00
-0.00000000e+00
-0.00000000e+00
-0.00000000e+00
-0.00000000e+00
-0.00000000e+00
-0.00000000e+00
-0.00000000e+00
-0.00000000e+00
-0.00000000e+00
-0.00000000e+00
-0.00000000e+00
-0.00000000e+00
-0.00000000e+00
-0.00000000e+00
-0.00000000e+00
-0.00000000e+00
-0.00000000e+00
-0.00000000e+00
-0.00000000e+00
-0.00000000e+00
-0.00000000e+00
-0.00000000e+00
-0.00000000e+00
-0.00000000e+00
-0.00000000e+00
-0.00000000e+00
-0.00000000e+00
-0.00000000e+00
-0.00000000e+00
-0.00000000e+00
-0.00000000e+00
-0.00000000e+00
-0.00000000e+00
-0.00000000e+00
-0.00000000e+00
-0.00000000e+00
-0.00000000e+00
-0.00000000e+00
-0.00000000e+00
-0.00000000e+00
-0.00000000e+00
-0.00000000e+00
-0.00000000e+00
-0.00000000e+00
-0.00000000e+00
-0.00000000e+00
-0.00000000e+00
-0.00000000e+00
-0.00000000e+00
-0.00000000e+00
-0.00000000e+00
-0.00000000e+00
-0.00000000e+00
-0.00000000e+00
-0.00000000e+00
-0.00000000e+00
-0.00000000e+00
-0.00000000e+00
-0.00000000e+00
-0.00000000e+00
-0.00000000e+00
-0.00000000e+00
-0.00000000e+00
-0.00000000e+00
-0.00000000e+00
-0.00000000e+00
-0.00000000e+00
-0.00000000e+00
-0.00000000e+00
-0.00000000e+00
-0.00000000e+00
-0.00000000e+00
-0.00000000e+00
-0.00000000e+00
-0.00000000e+00
-0.00000000e+00
-0.00000000e+00
-0.00000000e+00
-0.00000000e+00
-0.00000000e+00
-0.00000000e+00
-0.00000000e+00
-0.00000000e+00
-0.00000000e+00
-0.00000000e+00
-0.00000000e+00
-0.00000000e+00
-0.00000000e+00
-0.00000000e+00
-0.00000000e+00
-0.00000000e+00
-0.00000000e+00
-0.00000000e+00
-0.00000000e+00
-0.00000000e+00
-0.00000000e+00
-0.00000000e+00
-0.00000000e+00
-0.00000000e+00
-0.00000000e+00
-0.00000000e+00
-0.00000000e+00
-0.00000000e+00
-0.00000000e+00
-0.00000000e+00
-0.00000000e+00
-0.00000000e+00
-0.00000000e+00
-0.00000000e+00
-0.00000000e+00
-0.00000000e+00
-0.00000000e+00
-0.00000000e+00
-0.00000000e+00
-0.00000000e+00
-0.00000000e+00
-0.00000000e+00
-0.00000000e+00
-0.00000000e+00
-0.00000000e+00
-0.00000000e+00
-0.00000000e+00
-0.00000000e+00
-0.00000000e+00
-0.00000000e+00
-0.00000000e+00
-0.00000000e+00
-0.00000000e+00
-0.00000000e+00
-0.00000000e+00
-0.00000000e+00
-0.00000000e+00
-0.00000000e+00
-0.00000000e+00
-0.00000000e+00
-0.00000000e+00
-0.00000000e+00
-0.00000000e+00
-0.00000000e+00
-0.00000000e+00
-0.00000000e+00
-0.00000000e+00
-0.00000000e+00
-0.00000000e+00
-0.00000000e+00
-0.00000000e+00
-0.00000000e+00
-0.00000000e+00
-0.00000000e+00
-0.00000000e+00
-0.00000000e+00
-0.00000000e+00
-0.00000000e+00
-0.00000000e+00
-0.00000000e+00
-0.00000000e+00
-0.00000000e+00
-0.00000000e+00
-0.00000000e+00
-0.00000000e+00
-0.00000000e+00
-0.00000000e+00
-0.00000000e+00
-0.00000000e+00
-0.00000000e+00
-0.00000000e+00
-0.00000000e+00
-0.00000000e+00
-0.00000000e+00
-0.00000000e+00
-0.00000000e+00
-0.00000000e+00
-0.00000000e+00
-0.00000000e+00
-0.00000000e+00
-0.00000000e+00
-0.00000000e+00
-0.00000000e+00
-0.00000000e+00
-0.00000000e+00
-0.00000000e+00
-0.00000000e+00
-0.00000000e+00
-0.00000000e+00
-0.00000000e+00
-0.00000000e+00
-0.00000000e+00
-0.00000000e+00
-0.00000000e+00
-0.00000000e+00
-0.00000000e+00
-0.00000000e+00
-0.00000000e+00
-0.00000000e+00
-0.00000000e+00
-0.00000000e+00
-0.00000000e+00
-0.00000000e+00
-0.00000000e+00
-0.00000000e+00
-0.00000000e+00
-0.00000000e+00
-0.00000000e+00
-0.00000000e+00
-0.00000000e+00
-0.00000000e+00
-0.00000000e+00
-0.00000000e+00
-0.00000000e+00
-0.00000000e+00
-0.00000000e+00
-0.00000000e+00
-0.00000000e+00
-0.00000000e+00
-0.00000000e+00
-0.00000000e+00
-0.00000000e+00
-0.00000000e+00
-0.00000000e+00
-0.00000000e+00
-0.00000000e+00
-0.00000000e+00
-0.00000000e+00
-0.00000000e+00
-0.00000000e+00
-0.00000000e+00
-0.00000000e+00
-0.00000000e+00
-0.00000000e+00
-0.00000000e+00
-0.00000000e+00
-0.00000000e+00
-0.00000000e+00
-0.00000000e+00
-0.00000000e+00
-0.00000000e+00
-0.00000000e+00
-0.00000000e+00
-0.00000000e+00
-0.00000000e+00
-0.00000000e+00
-0.00000000e+00
-0.00000000e+00
-0.00000000e+00
-0.00000000e+00
-0.00000000e+00
-0.00000000e+00
-0.00000000e+00
-0.00000000e+00
-0.00000000e+00
-0.00000000e+00
-0.00000000e+00
-0.00000000e+00
-0.00000000e+00
-0.00000000e+00
-0.00000000e+00
-0.00000000e+00
-0.00000000e+00
-0.00000000e+00
-0.00000000e+00
-0.00000000e+00
-0.00000000e+00
-0.00000000e+00
-0.00000000e+00
-0.00000000e+00
-0.00000000e+00
-0.00000000e+00
-0.00000000e+00
-0.00000000e+00
-0.00000000e+00
-0.00000000e+00
-0.00000000e+00
-0.00000000e+00
-0.00000000e+00
-0.00000000e+00
-0.00000000e+00
-0.00000000e+00
-0.00000000e+00
-0.00000000e+00
-0.00000000e+00
-0.00000000e+00
-0.00000000e+00
-0.00000000e+00
-0.00000000e+00
-0.00000000e+00
-0.00000000e+00
-0.00000000e+00
-0.00000000e+00
-0.00000000e+00
-0.00000000e+00
-0.00000000e+00
-0.00000000e+00
-0.00000000e+00
-0.00000000e+00
-0.00000000e+00
-0.00000000e+00
-0.00000000e+00
-0.00000000e+00
-0.00000000e+00
-0.00000000e+00
-0.00000000e+00
-0.00000000e+00
-0.00000000e+00
-0.00000000e+00
-0.00000000e+00
-0.00000000e+00
-0.00000000e+00
-0.00000000e+00
-0.00000000e+00
-0.00000000e+00
-0.00000000e+00
-0.00000000e+00
-0.00000000e+00
-0.00000000e+00
-0.00000000e+00
-0.00000000e+00
-0.00000000e+00
-0.00000000e+00
-0.00000000e+00
-0.00000000e+00
-0.00000000e+00
-0.00000000e+00
-0.00000000e+00
-0.00000000e+00
-0.00000000e+00
-0.00000000e+00
-0.00000000e+00
-0.00000000e+00
-0.00000000e+00
-0.00000000e+00
-0.00000000e+00
-0.00000000e+00
-0.00000000e+00
-0.00000000e+00
-0.00000000e+00
-0.00000000e+00
-0.00000000e+00
-0.00000000e+00
-0.00000000e+00
-0.00000000e+00
-0.00000000e+00
-0.00000000e+00
-0.00000000e+00
-0.00000000e+00
-0.00000000e+00
-0.00000000e+00
-0.00000000e+00
-0.00000000e+00
-0.00000000e+00
-0.00000000e+00
-0.00000000e+00
-0.00000000e+00
-0.00000000e+00
-0.00000000e+00
-0.00000000e+00
-0.00000000e+00
-0.00000000e+00
-0.00000000e+00
-0.00000000e+00
-0.00000000e+00
-0.00000000e+00
-0.00000000e+00
-0.00000000e+00
-0.00000000e+00
-0.00000000e+00
-0.00000000e+00
-0.00000000e+00
-0.00000000e+00
-0.00000000e+00
-0.00000000e+00
-0.00000000e+00
-0.00000000e+00
-0.00000000e+00
-0.00000000e+00
-0.00000000e+00
-0.00000000e+00
-0.00000000e+00
-0.00000000e+00
-0.00000000e+00
-0.00000000e+00
-0.00000000e+00
-0.00000000e+00
-0.00000000e+00
-0.00000000e+00
-0.00000000e+00
-0.00000000e+00
-0.00000000e+00
-0.00000000e+00
-0.00000000e+00
-0.00000000e+00
-0.00000000e+00
-0.00000000e+00
-0.00000000e+00
-0.00000000e+00
-0.00000000e+00
-0.00000000e+00
-0.00000000e+00
-0.00000000e+00
-0.00000000e+00
-0.00000000e+00
-0.00000000e+00
-0.00000000e+00
-0.00000000e+00
-0.00000000e+00
-0.00000000e+00
-0.00000000e+00
